tijd	koppel	stroom	spanning	kadans	snelheid
2.265	2.124	0.503	0.424	0.00	0.00
2.338	2.115	0.505	0.412	0.00	0.00
2.418	2.115	0.501	0.393	0.00	0.00
2.493	2.115	0.496	0.378	0.00	0.00
2.568	2.115	0.491	0.368	0.00	0.00
2.642	2.110	0.491	0.393	0.00	0.00
2.718	2.115	0.501	0.393	0.00	0.00
2.792	2.115	0.505	0.422	0.00	0.00
2.864	2.115	0.496	0.451	0.00	0.00
2.936	2.115	0.496	0.501	0.00	0.00
3.009	2.115	0.496	0.564	0.00	0.00
3.081	2.115	0.496	0.643	0.00	0.00
3.153	2.115	0.496	0.697	0.00	0.00
3.225	2.115	0.491	0.766	0.00	6.44
3.298	2.115	0.491	0.795	0.00	6.44
3.371	2.115	0.491	0.873	0.00	6.44
3.445	2.115	0.501	0.849	0.00	6.44
3.518	2.115	0.496	0.839	0.00	6.44
3.591	2.115	0.501	0.829	0.00	6.44
3.662	2.110	0.501	0.819	0.00	6.44
3.735	2.115	0.491	0.795	0.00	6.44
3.808	2.110	0.491	0.756	0.00	6.44
3.879	2.110	0.496	0.785	0.00	6.44
3.952	2.115	0.491	0.756	0.00	6.44
4.025	2.110	0.486	0.766	0.00	6.44
4.097	2.110	0.505	0.741	0.00	6.44
4.169	2.110	0.496	0.726	0.00	6.44
4.242	2.110	0.501	0.726	0.00	6.44
4.314	2.110	0.501	0.707	0.00	6.44
4.386	2.115	0.491	0.756	0.00	6.44
4.458	2.115	0.496	0.736	0.00	6.44
4.534	2.115	0.491	0.721	0.00	6.44
4.608	2.110	0.491	0.721	0.00	5.75
4.680	2.110	0.486	0.697	0.00	5.75
4.752	2.110	0.496	0.702	0.00	5.75
4.825	2.110	0.501	0.702	0.00	5.75
4.897	2.110	0.496	0.682	0.00	5.75
4.969	2.110	0.486	0.697	0.00	5.75
5.042	2.110	0.496	0.908	0.00	5.75
5.113	2.110	0.496	0.805	0.00	5.75
5.186	2.110	0.491	0.726	0.00	5.75
5.259	2.110	0.491	0.687	0.00	5.75
5.330	2.110	0.491	0.662	0.00	5.75
5.403	2.110	0.486	0.687	0.00	5.75
5.476	2.110	0.501	0.633	0.00	5.75
5.551	2.110	0.501	0.604	0.00	5.75
5.623	2.110	0.486	0.643	0.00	5.75
5.696	2.110	0.496	0.589	0.00	5.75
5.768	2.105	0.496	0.613	0.00	5.75
5.840	2.110	0.496	0.564	0.00	5.75
5.912	2.105	0.496	0.535	0.00	5.75
5.985	2.115	0.491	0.692	0.00	5.75
6.057	2.110	0.486	0.628	0.00	5.75
6.129	2.110	0.496	0.579	0.00	4.98
6.202	2.110	0.501	0.540	0.00	4.98
6.275	2.110	0.496	0.510	0.00	4.98
6.346	2.110	0.501	0.481	0.00	4.98
6.419	2.110	0.486	0.461	0.00	4.98
6.491	2.115	0.501	0.437	0.00	4.98
6.563	2.110	0.496	0.417	0.00	4.98
6.639	2.115	0.496	0.397	0.00	4.98
6.712	2.110	0.496	0.388	0.00	4.98
6.784	2.110	0.496	0.368	0.00	4.98
6.856	2.110	0.505	0.358	0.00	4.98
6.928	2.110	0.501	0.348	0.00	4.98
7.001	2.110	0.505	0.339	0.00	4.98
7.073	2.110	0.496	0.353	0.00	4.98
7.145	2.115	0.501	0.363	0.00	4.98
7.218	2.110	0.491	0.383	0.00	4.98
7.289	2.110	0.496	0.388	0.00	4.98
7.362	2.115	0.496	0.388	0.00	4.98
7.435	2.110	0.491	0.368	0.00	4.98
7.506	2.110	0.496	0.363	0.00	4.98
7.579	2.110	0.505	0.348	0.00	4.98
7.651	2.110	0.496	0.339	0.00	4.98
7.727	2.110	0.491	0.339	0.00	4.98
7.799	2.115	0.501	0.324	0.00	4.98
7.871	2.110	0.496	0.329	0.00	4.98
7.944	2.110	0.491	0.407	0.00	4.98
8.039	2.110	0.501	0.451	0.00	4.98
8.118	2.115	0.491	0.437	0.00	0.00
8.196	2.110	0.496	0.417	0.00	0.00
8.274	2.110	0.496	0.397	0.00	0.00
8.353	2.110	0.496	0.383	0.00	0.00
8.425	2.110	0.501	0.368	0.00	0.00
8.498	2.110	0.491	0.373	0.00	0.00
8.569	2.110	0.496	0.378	0.00	0.00
8.642	2.110	0.501	0.378	0.00	0.00
8.714	2.110	0.501	0.363	0.00	0.00
8.800	2.110	0.481	0.348	0.00	2.96
8.872	2.110	0.501	0.339	0.00	2.96
8.944	2.110	0.491	0.329	0.00	2.96
9.017	2.110	0.491	0.348	0.00	2.96
9.090	2.115	0.491	0.358	0.00	2.96
9.161	2.115	0.491	0.373	0.00	2.96
9.234	2.110	0.491	0.373	0.00	2.96
9.306	2.115	0.491	0.378	0.00	2.96
9.378	2.110	0.496	0.383	0.00	2.96
9.451	2.115	0.505	0.397	0.00	2.96
9.523	2.110	0.505	0.437	0.00	2.96
9.595	2.110	0.496	0.491	0.00	2.96
9.667	2.115	0.501	0.530	0.00	2.96
9.740	2.110	0.496	0.550	0.00	2.96
9.812	2.115	0.496	0.559	0.00	2.96
9.887	2.115	0.501	0.672	0.00	2.96
9.960	2.115	0.510	0.633	0.00	2.96
10.033	2.110	0.501	0.584	0.00	2.96
10.105	2.110	0.505	0.555	0.00	2.96
10.178	2.110	0.505	0.530	0.00	2.96
10.250	2.110	0.486	0.510	0.00	2.96
10.322	2.110	0.496	0.491	0.00	2.96
10.395	2.110	0.501	0.476	0.00	2.96
10.468	2.110	0.501	0.461	0.00	2.96
10.541	2.110	0.491	0.447	0.00	2.96
10.613	2.110	0.501	0.427	0.00	2.96
10.686	2.110	0.496	0.412	0.00	2.96
10.758	2.110	0.496	0.393	0.00	0.00
10.830	2.110	0.496	0.383	0.00	3.78
10.906	2.115	0.501	0.383	0.00	3.78
10.979	2.110	0.496	0.505	0.00	3.78
11.052	2.115	0.501	0.555	0.00	3.78
11.124	2.110	0.491	0.535	0.00	3.78
11.197	2.110	0.491	0.501	0.00	3.78
11.269	2.110	0.501	0.476	0.00	3.78
11.341	2.110	0.491	0.564	0.00	3.78
11.429	2.110	0.501	0.525	0.00	3.78
11.501	2.115	0.501	0.496	0.00	3.78
11.574	2.115	0.505	0.476	0.00	3.78
11.646	2.115	0.501	0.466	0.00	3.78
11.719	2.115	0.486	0.461	0.00	3.78
11.792	2.115	0.501	0.447	0.00	3.78
11.865	2.115	0.491	0.427	0.00	3.78
11.940	2.115	0.496	0.407	0.00	3.78
12.012	2.115	0.501	0.397	0.00	3.78
12.085	2.115	0.496	0.378	0.00	3.78
12.157	2.115	0.501	0.363	0.00	3.78
12.230	2.115	0.491	0.348	0.00	3.78
12.303	2.115	0.486	0.339	0.00	3.78
12.376	2.115	0.491	0.324	0.00	3.78
12.448	2.115	0.496	0.319	0.00	3.78
12.520	2.115	0.501	0.309	0.00	3.78
12.593	2.115	0.496	0.299	0.00	3.78
12.665	2.120	0.501	0.294	0.00	3.78
12.738	2.115	0.496	0.290	0.00	3.78
12.811	2.115	0.505	0.280	0.00	0.00
12.882	2.115	0.491	0.275	0.00	0.00
12.955	2.115	0.496	0.270	0.00	0.00
13.031	2.115	0.496	0.270	0.00	0.00
13.104	2.120	0.505	0.260	0.00	0.00
13.176	2.120	0.501	0.260	0.00	0.00
13.248	2.120	0.496	0.260	0.00	0.00
13.321	2.120	0.496	0.255	0.00	0.00
13.393	2.120	0.501	0.250	0.00	0.00
13.466	2.120	0.501	0.250	0.00	0.00
13.539	2.120	0.491	0.245	0.00	0.00
13.611	2.120	0.501	0.240	0.00	0.00
13.683	2.120	0.491	0.236	0.00	0.00
13.756	2.130	0.496	0.236	0.00	0.00
13.828	2.100	0.501	0.236	0.00	0.00
13.900	2.115	0.501	0.226	0.00	0.00
13.973	2.120	0.505	0.226	0.00	0.00
14.049	2.115	0.496	0.226	0.00	0.00
14.121	2.115	0.501	0.221	0.00	0.00
14.193	2.115	0.496	0.221	0.00	0.00
14.266	2.120	0.496	0.216	0.00	0.00
14.339	2.115	0.496	0.216	0.00	0.00
14.419	2.115	0.496	0.211	0.00	0.00
14.492	2.115	0.510	0.211	0.00	0.00
14.564	2.115	0.481	0.201	0.00	0.00
14.637	2.120	0.486	0.206	0.00	0.00
14.709	2.120	0.496	0.201	0.00	0.00
14.782	2.120	0.491	0.201	0.00	0.00
14.854	2.115	0.501	0.196	0.00	0.00
14.926	2.115	0.496	0.196	0.00	0.00
14.999	2.115	0.501	0.196	0.00	0.00
15.075	2.120	0.501	0.196	0.00	0.00
15.148	2.115	0.491	0.191	0.00	0.00
15.219	2.120	0.486	0.191	0.00	0.00
15.292	2.115	0.505	0.191	0.00	0.00
15.365	2.115	0.491	0.191	0.00	0.00
15.437	2.115	0.496	0.186	0.00	0.00
15.509	2.115	0.501	0.186	0.00	0.00
15.582	2.120	0.501	0.186	0.00	0.00
15.654	2.115	0.486	0.182	0.00	0.00
15.727	2.115	0.501	0.182	0.00	0.00
15.799	2.115	0.496	0.182	0.00	0.00
15.872	2.115	0.496	0.177	0.00	0.00
15.944	2.115	0.496	0.177	0.00	0.00
16.017	2.115	0.481	0.177	0.00	0.00
16.092	2.115	0.501	0.177	0.00	0.00
16.164	2.115	0.496	0.177	0.00	0.00
16.237	2.115	0.501	0.177	0.00	0.00
16.310	2.115	0.496	0.172	0.00	0.00
16.381	2.115	0.496	0.177	0.00	0.00
16.454	2.115	0.496	0.177	0.00	0.00
16.527	2.115	0.496	0.172	0.00	0.00
16.600	2.115	0.496	0.172	0.00	0.00
16.672	2.115	0.501	0.172	0.00	0.00
16.744	2.115	0.501	0.172	0.00	0.00
16.817	2.115	0.496	0.167	0.00	0.00
16.889	2.115	0.501	0.167	0.00	0.00
16.962	2.115	0.496	0.167	0.00	0.00
17.034	2.120	0.501	0.167	0.00	0.00
17.106	2.115	0.491	0.167	0.00	0.00
17.182	2.115	0.491	0.167	0.00	0.00
17.255	2.115	0.486	0.167	0.00	0.00
17.327	2.115	0.501	0.167	0.00	0.00
17.399	2.115	0.491	0.162	0.00	0.00
17.486	2.115	0.501	0.162	0.00	0.00
17.559	2.115	0.496	0.162	0.00	0.00
17.632	2.115	0.501	0.162	0.00	0.00
17.704	2.115	0.505	0.157	0.00	0.00
17.776	2.115	0.491	0.157	0.00	0.00
17.849	2.120	0.496	0.162	0.00	0.00
17.922	2.115	0.491	0.157	0.00	0.00
17.994	2.115	0.501	0.157	0.00	0.00
18.066	2.115	0.486	0.157	0.00	0.00
18.139	2.115	0.501	0.157	0.00	0.00
18.214	2.115	0.496	0.157	0.00	0.00
18.287	2.115	0.491	0.157	0.00	0.00
18.360	2.115	0.501	0.157	0.00	0.00
18.432	2.115	0.501	0.157	0.00	0.00
18.504	2.115	0.491	0.152	0.00	0.00
18.577	2.115	0.501	0.157	0.00	0.00
18.650	2.115	0.501	0.152	0.00	0.00
18.721	2.120	0.496	0.152	0.00	0.00
18.794	2.115	0.491	0.152	0.00	0.00
18.867	2.115	0.501	0.152	0.00	0.00
18.938	2.115	0.505	0.152	0.00	0.00
19.011	2.120	0.496	0.152	0.00	0.00
19.084	2.115	0.496	0.152	0.00	0.00
19.156	2.115	0.496	0.152	0.00	0.00
19.232	2.115	0.501	0.152	0.00	0.00
19.304	2.115	0.501	0.152	0.00	0.00
19.377	2.115	0.491	0.147	0.00	0.00
19.449	2.115	0.496	0.147	0.00	0.00
19.521	2.115	0.491	0.152	0.00	0.00
19.594	2.120	0.491	0.147	0.00	0.00
19.666	2.115	0.496	0.142	0.00	0.00
19.739	2.115	0.491	0.147	0.00	0.00
19.811	2.115	0.505	0.147	0.00	0.00
19.884	2.115	0.491	0.147	0.00	0.00
19.962	2.115	0.496	0.147	0.00	0.00
20.035	2.115	0.486	0.142	0.00	0.00
20.107	2.115	0.491	0.147	0.00	0.00
20.179	2.120	0.505	0.147	0.00	0.00
20.255	2.120	0.496	0.142	0.00	0.00
20.328	2.115	0.501	0.142	0.00	0.00
20.400	2.115	0.501	0.137	0.00	0.00
20.488	2.115	0.491	0.137	0.00	0.00
20.560	2.115	0.496	0.142	0.00	0.00
20.633	2.115	0.496	0.137	0.00	0.00
20.705	2.120	0.486	0.142	0.00	0.00
20.777	2.115	0.501	0.142	0.00	0.00
20.850	2.120	0.491	0.137	0.00	0.00
20.923	2.115	0.501	0.142	0.00	0.00
20.995	2.115	0.501	0.137	0.00	0.00
21.067	2.115	0.491	0.137	0.00	0.00
21.140	2.115	0.505	0.137	0.00	0.00
21.212	2.115	0.491	0.137	0.00	0.00
21.287	2.115	0.505	0.137	0.00	0.00
21.360	2.115	0.496	0.132	0.00	0.00
21.433	2.115	0.491	0.137	0.00	0.00
21.505	2.115	0.501	0.137	0.00	0.00
21.577	2.115	0.496	0.132	0.00	0.00
21.650	2.115	0.501	0.137	0.00	0.00
21.723	2.115	0.501	0.132	0.00	0.00
21.794	2.115	0.486	0.132	0.00	0.00
21.867	2.120	0.491	0.137	0.00	0.00
21.940	2.115	0.501	0.137	0.00	0.00
22.011	2.120	0.505	0.132	0.00	0.00
22.084	2.115	0.496	0.132	0.00	0.00
22.157	2.115	0.496	0.132	0.00	0.00
22.230	2.115	0.491	0.132	0.00	0.00
22.301	2.120	0.491	0.132	0.00	0.00
22.377	2.115	0.496	0.132	0.00	0.00
22.450	2.120	0.501	0.132	0.00	0.00
22.521	2.115	0.496	0.132	0.00	0.00
22.594	2.120	0.491	0.128	0.00	0.00
22.667	2.115	0.496	0.128	0.00	0.00
22.739	2.115	0.491	0.132	0.00	0.00
22.811	2.115	0.501	0.128	0.00	0.00
22.884	2.115	0.491	0.128	0.00	0.00
22.957	2.120	0.501	0.128	0.00	0.00
23.028	2.115	0.491	0.128	0.00	0.00
23.101	2.115	0.501	0.128	0.00	0.00
23.174	2.115	0.491	0.128	0.00	0.00
23.246	2.115	0.501	0.128	0.00	0.00
23.318	2.115	0.501	0.128	0.00	0.00
23.394	2.115	0.491	0.128	0.00	0.00
23.467	2.115	0.505	0.128	0.00	0.00
23.554	2.115	0.486	0.128	0.00	0.00
23.626	2.120	0.505	0.128	0.00	0.00
23.698	2.115	0.496	0.128	0.00	0.00
23.771	2.115	0.491	0.123	0.00	0.00
23.843	2.115	0.496	0.123	0.00	0.00
23.916	2.115	0.501	0.123	0.00	0.00
23.988	2.115	0.491	0.123	0.00	0.00
24.060	2.115	0.491	0.123	0.00	0.00
24.133	2.115	0.496	0.123	0.00	0.00
24.205	2.115	0.496	0.123	0.00	0.00
24.278	2.115	0.491	0.123	0.00	0.00
24.350	2.115	0.491	0.123	0.00	0.00
24.426	2.115	0.501	0.118	0.00	0.00
24.498	2.115	0.496	0.123	0.00	0.00
24.570	2.115	0.501	0.123	0.00	0.00
24.643	2.115	0.501	0.123	0.00	0.00
24.715	2.115	0.501	0.118	0.00	0.00
24.787	2.115	0.496	0.123	0.00	0.00
24.860	2.115	0.491	0.118	0.00	0.00
24.933	2.115	0.491	0.118	0.00	0.00
25.005	2.120	0.501	0.123	0.00	0.00
25.077	2.120	0.486	0.118	0.00	0.00
25.150	2.115	0.491	0.118	0.00	0.00
25.222	2.115	0.501	0.118	0.00	0.00
25.294	2.115	0.496	0.118	0.00	0.00
25.367	2.115	0.501	0.118	0.00	0.00
25.443	2.115	0.496	0.118	0.00	0.00
25.515	2.115	0.501	0.118	0.00	0.00
25.587	2.115	0.505	0.113	0.00	0.00
25.660	2.115	0.496	0.118	0.00	0.00
25.732	2.115	0.496	0.118	0.00	0.00
25.804	2.115	0.496	0.118	0.00	0.00
25.877	2.115	0.496	0.113	0.00	0.00
25.949	2.115	0.491	0.113	0.00	0.00
26.021	2.115	0.486	0.118	0.00	0.00
26.094	2.120	0.501	0.118	0.00	0.00
26.166	2.115	0.501	0.118	0.00	0.00
26.238	2.115	0.505	0.113	0.00	0.00
26.311	2.115	0.491	0.118	0.00	0.00
26.383	2.115	0.505	0.113	0.00	0.00
26.456	2.115	0.491	0.113	0.00	0.00
26.547	2.115	0.496	0.113	0.00	0.00
26.619	2.115	0.496	0.113	0.00	0.00
26.692	2.115	0.496	0.113	0.00	0.00
26.764	2.120	0.501	0.108	0.00	0.00
26.836	2.115	0.496	0.113	0.00	0.00
26.909	2.115	0.491	0.113	0.00	0.00
26.981	2.115	0.496	0.113	0.00	0.00
27.054	2.120	0.501	0.113	0.00	0.00
27.126	2.115	0.491	0.113	0.00	0.00
27.198	2.115	0.491	0.113	0.00	0.00
27.271	2.120	0.491	0.113	0.00	0.00
27.343	2.120	0.501	0.113	0.00	0.00
27.416	2.115	0.486	0.113	0.00	0.00
27.488	2.115	0.491	0.113	0.00	0.00
27.564	2.120	0.491	0.113	0.00	0.00
27.636	2.115	0.496	0.113	0.00	0.00
27.708	2.115	0.491	0.113	0.00	0.00
27.781	2.115	0.501	0.113	0.00	0.00
27.853	2.115	0.496	0.113	0.00	0.00
27.925	2.115	0.496	0.113	0.00	0.00
27.998	2.115	0.486	0.113	0.00	0.00
28.070	2.120	0.501	0.108	0.00	0.00
28.142	2.115	0.501	0.113	0.00	0.00
28.215	2.115	0.486	0.113	0.00	0.00
28.288	2.115	0.505	0.113	0.00	0.00
28.360	2.115	0.486	0.113	0.00	0.00
28.432	2.115	0.496	0.113	0.00	0.00
28.505	2.115	0.501	0.113	0.00	0.00
28.580	2.115	0.501	0.113	0.00	0.00
28.652	2.120	0.486	0.113	0.00	0.00
28.725	2.115	0.491	0.113	0.00	0.00
28.797	2.115	0.496	0.113	0.00	0.00
28.869	2.115	0.501	0.108	0.00	0.00
28.943	2.115	0.496	0.113	0.00	0.00
29.015	2.115	0.496	0.113	0.00	0.00
29.087	2.115	0.496	0.113	0.00	0.00
29.160	2.115	0.501	0.113	0.00	0.00
29.233	2.120	0.486	0.108	0.00	0.00
29.304	2.115	0.496	0.108	0.00	0.00
29.377	2.115	0.496	0.108	0.00	0.00
29.450	2.115	0.496	0.113	0.00	0.00
29.521	2.115	0.496	0.108	0.00	0.00
29.614	2.120	0.496	0.108	0.00	0.00
29.685	2.115	0.496	0.108	0.00	0.00
29.758	2.115	0.496	0.108	0.00	0.00
29.830	2.115	0.496	0.108	0.00	0.00
29.902	2.115	0.491	0.108	0.00	0.00
29.975	2.120	0.496	0.108	0.00	0.00
30.047	2.115	0.496	0.108	0.00	0.00
30.119	2.115	0.496	0.108	0.00	0.00
30.192	2.115	0.486	0.108	0.00	0.00
30.264	2.120	0.501	0.108	0.00	0.00
30.337	2.115	0.491	0.108	0.00	0.00
30.409	2.115	0.486	0.108	0.00	0.00
30.481	2.115	0.510	0.108	0.00	0.00
30.554	2.120	0.496	0.108	0.00	0.00
30.629	2.115	0.505	0.108	0.00	0.00
30.701	2.115	0.491	0.108	0.00	0.00
30.774	2.115	0.496	0.108	0.00	0.00
30.846	2.115	0.486	0.108	0.00	0.00
30.918	2.115	0.486	0.108	0.00	0.00
30.991	2.115	0.501	0.108	0.00	0.00
31.064	2.115	0.491	0.108	0.00	0.00
31.135	2.115	0.501	0.103	0.00	0.00
31.208	2.115	0.496	0.108	0.00	0.00
31.280	2.115	0.491	0.108	0.00	0.00
31.352	2.120	0.501	0.103	0.00	0.00
31.425	2.115	0.496	0.103	0.00	0.00
31.497	2.115	0.501	0.108	0.00	0.00
31.569	2.115	0.505	0.108	0.00	0.00
31.642	2.115	0.486	0.103	0.00	0.00
31.724	2.115	0.491	0.103	0.00	0.00
31.796	2.115	0.491	0.103	0.00	0.00
31.868	2.120	0.496	0.103	0.00	0.00
31.940	2.115	0.505	0.103	0.00	0.00
32.013	2.115	0.491	0.103	0.00	0.00
32.086	2.115	0.496	0.103	0.00	0.00
32.157	2.115	0.481	0.103	0.00	0.00
32.230	2.115	0.496	0.103	0.00	0.00
32.302	2.115	0.496	0.108	0.00	0.00
32.374	2.120	0.496	0.103	0.00	0.00
32.447	2.120	0.491	0.103	0.00	0.00
32.519	2.115	0.501	0.103	0.00	0.00
32.591	2.115	0.496	0.103	0.00	0.00
32.678	2.115	0.501	0.103	0.00	0.00
32.754	2.120	0.486	0.108	0.00	0.00
32.827	2.120	0.496	0.103	0.00	0.00
32.899	2.115	0.496	0.103	0.00	0.00
32.971	2.120	0.496	0.103	0.00	0.00
33.044	2.115	0.496	0.103	0.00	0.00
33.116	2.115	0.496	0.103	0.00	0.00
33.188	2.120	0.491	0.103	0.00	0.00
33.261	2.115	0.491	0.103	0.00	0.00
33.333	2.115	0.501	0.103	0.00	0.00
33.405	2.115	0.496	0.103	0.00	0.00
33.477	2.120	0.501	0.103	0.00	0.00
33.550	2.115	0.501	0.098	0.00	0.00
33.623	2.115	0.491	0.103	0.00	0.00
33.694	2.115	0.491	0.103	0.00	0.00
33.770	2.115	0.501	0.098	0.00	0.00
33.843	2.115	0.501	0.098	0.00	0.00
33.914	2.115	0.496	0.103	0.00	0.00
33.987	2.115	0.491	0.103	0.00	0.00
34.060	2.115	0.491	0.098	0.00	0.00
34.131	2.115	0.496	0.098	0.00	0.00
34.204	2.115	0.491	0.103	0.00	0.00
34.276	2.115	0.491	0.098	0.00	0.00
34.349	2.115	0.491	0.098	0.00	0.00
34.421	2.115	0.501	0.103	0.00	0.00
34.493	2.115	0.496	0.103	0.00	0.00
34.566	2.115	0.501	0.098	0.00	0.00
34.638	2.120	0.496	0.103	0.00	0.00
34.710	2.115	0.496	0.103	0.00	0.00
34.786	2.115	0.491	0.098	0.00	0.00
34.859	2.115	0.496	0.098	0.00	0.00
34.930	2.115	0.501	0.098	0.00	0.00
35.003	2.115	0.501	0.098	0.00	0.00
35.075	2.115	0.496	0.098	0.00	0.00
35.147	2.115	0.491	0.098	0.00	0.00
35.220	2.115	0.501	0.098	0.00	0.00
35.292	2.115	0.496	0.098	0.00	0.00
35.364	2.115	0.496	0.098	0.00	0.00
35.437	2.115	0.491	0.098	0.00	0.00
35.509	2.115	0.501	0.098	0.00	0.00
35.581	2.115	0.496	0.098	0.00	0.00
35.670	2.115	0.501	0.098	0.00	0.00
35.741	2.115	0.496	0.098	0.00	0.00
35.814	2.120	0.501	0.103	0.00	0.00
35.890	2.115	0.496	0.098	0.00	0.00
35.961	2.115	0.501	0.098	0.00	0.00
36.034	2.115	0.505	0.098	0.00	0.00
36.106	2.120	0.491	0.098	0.00	0.00
36.178	2.115	0.491	0.098	0.00	0.00
36.251	2.115	0.491	0.098	0.00	0.00
36.323	2.115	0.505	0.093	0.00	0.00
36.396	2.120	0.491	0.093	0.00	0.00
36.467	2.115	0.505	0.098	0.00	0.00
36.540	2.115	0.491	0.093	0.00	0.00
36.613	2.115	0.486	0.098	0.00	0.00
36.684	2.115	0.496	0.098	0.00	0.00
36.757	2.115	0.505	0.098	0.00	0.00
36.829	2.115	0.491	0.093	0.00	0.00
36.904	2.115	0.501	0.098	0.00	0.00
36.977	2.120	0.491	0.093	0.00	0.00
37.049	2.115	0.501	0.098	0.00	0.00
37.122	2.115	0.491	0.093	0.00	0.00
37.194	2.120	0.501	0.093	0.00	0.00
37.266	2.115	0.505	0.098	0.00	0.00
37.339	2.115	0.501	0.093	0.00	0.00
37.410	2.115	0.486	0.098	0.00	0.00
37.483	2.115	0.501	0.093	0.00	0.00
37.556	2.115	0.496	0.093	0.00	0.00
37.627	2.115	0.491	0.093	0.00	0.00
37.700	2.115	0.501	0.093	0.00	0.00
37.772	2.115	0.496	0.093	0.00	0.00
37.844	2.115	0.491	0.093	0.00	0.00
37.920	2.115	0.501	0.093	0.00	0.00
37.992	2.115	0.496	0.093	0.00	0.00
38.065	2.115	0.496	0.093	0.00	0.00
38.136	2.115	0.491	0.093	0.00	0.00
38.209	2.115	0.501	0.093	0.00	0.00
38.282	2.115	0.501	0.093	0.00	0.00
38.353	2.115	0.501	0.098	0.00	0.00
38.426	2.115	0.501	0.093	0.00	0.00
38.498	2.115	0.501	0.093	0.00	0.00
38.571	2.115	0.501	0.093	0.00	0.00
38.642	2.115	0.496	0.093	0.00	0.00
38.760	2.115	0.496	0.088	0.00	0.00
38.850	2.115	0.496	0.093	0.00	0.00
38.923	2.115	0.496	0.093	0.00	0.00
38.999	2.115	0.496	0.093	0.00	0.00
39.070	2.115	0.496	0.093	0.00	0.00
39.143	2.115	0.501	0.093	0.00	0.00
39.215	2.115	0.501	0.093	0.00	0.00
39.287	2.120	0.496	0.093	0.00	0.00
39.360	2.120	0.501	0.093	0.00	0.00
39.432	2.115	0.505	0.088	0.00	0.00
39.504	2.115	0.505	0.093	0.00	0.00
39.576	2.115	0.491	0.093	0.00	0.00
39.649	2.115	0.496	0.088	0.00	0.00
39.721	2.115	0.496	0.088	0.00	0.00
39.793	2.115	0.491	0.088	0.00	0.00
39.866	2.115	0.501	0.093	0.00	0.00
39.938	2.115	0.496	0.088	0.00	0.00
40.013	2.115	0.501	0.088	0.00	0.00
40.086	2.115	0.496	0.093	0.00	0.00
40.158	2.115	0.501	0.088	0.00	0.00
40.230	2.115	0.491	0.088	0.00	0.00
40.302	2.120	0.501	0.093	0.00	0.00
40.375	2.115	0.496	0.088	0.00	0.00
40.448	2.115	0.491	0.088	0.00	0.00
40.519	2.115	0.496	0.088	0.00	0.00
40.592	2.115	0.501	0.088	0.00	0.00
40.664	2.115	0.496	0.088	0.00	0.00
40.736	2.115	0.505	0.088	0.00	0.00
40.808	2.115	0.496	0.088	0.00	0.00
40.881	2.115	0.501	0.088	0.00	0.00
40.953	2.115	0.491	0.088	0.00	0.00
41.025	2.120	0.501	0.088	0.00	0.00
41.101	2.115	0.496	0.088	0.00	0.00
41.172	2.115	0.501	0.088	0.00	0.00
41.245	2.115	0.501	0.088	0.00	0.00
41.317	2.115	0.501	0.088	0.00	0.00
41.390	2.120	0.496	0.088	0.00	0.00
41.461	2.120	0.496	0.093	0.00	0.00
41.534	2.115	0.501	0.088	0.00	0.00
41.613	2.115	0.505	0.088	0.00	0.00
41.686	2.115	0.501	0.088	0.00	0.00
41.757	2.115	0.501	0.088	0.00	0.00
41.830	2.115	0.491	0.088	0.00	0.00
41.902	2.115	0.501	0.088	0.00	0.00
41.974	2.115	0.501	0.083	0.00	0.00
42.046	2.115	0.501	0.088	0.00	0.00
42.122	2.115	0.501	0.088	0.00	0.00
42.194	2.115	0.496	0.088	0.00	0.00
42.266	2.120	0.496	0.088	0.00	0.00
42.339	2.120	0.496	0.088	0.00	0.00
42.411	2.120	0.501	0.088	0.00	0.00
42.483	2.115	0.496	0.088	0.00	0.00
42.555	2.115	0.496	0.088	0.00	0.00
42.628	2.115	0.496	0.088	0.00	0.00
42.699	2.115	0.491	0.088	0.00	0.00
42.772	2.115	0.491	0.088	0.00	0.00
42.845	2.115	0.496	0.088	0.00	0.00
42.916	2.115	0.491	0.083	0.00	0.00
42.989	2.115	0.501	0.083	0.00	0.00
43.061	2.115	0.486	0.083	0.00	0.00
43.137	2.115	0.501	0.083	0.00	0.00
43.209	2.120	0.501	0.083	0.00	0.00
43.281	2.115	0.496	0.088	0.00	0.00
43.354	2.115	0.501	0.088	0.00	0.00
43.432	2.115	0.496	0.083	0.00	0.00
43.505	2.115	0.496	0.083	0.00	0.00
43.578	2.115	0.491	0.088	0.00	0.00
43.650	2.115	0.496	0.083	0.00	0.00
43.722	2.115	0.501	0.083	0.00	0.00
43.795	2.120	0.501	0.083	0.00	0.00
43.868	2.115	0.496	0.083	0.00	0.00
43.939	2.115	0.496	0.083	0.00	0.00
44.012	2.120	0.491	0.083	0.00	0.00
44.085	2.115	0.496	0.083	0.00	0.00
44.161	2.115	0.501	0.083	0.00	0.00
44.233	2.115	0.486	0.088	0.00	0.00
44.306	2.115	0.491	0.079	0.00	0.00
44.378	2.115	0.496	0.083	0.00	0.00
44.450	2.115	0.486	0.083	0.00	0.00
44.523	2.120	0.501	0.083	0.00	0.00
44.596	2.115	0.496	0.083	0.00	0.00
44.667	2.115	0.496	0.083	0.00	0.00
44.740	2.115	0.491	0.083	0.00	0.00
44.813	2.115	0.496	0.083	0.00	0.00
44.886	2.115	0.501	0.083	0.00	0.00
44.958	2.115	0.496	0.083	0.00	0.00
45.030	2.120	0.501	0.083	0.00	0.00
45.103	2.115	0.496	0.083	0.00	0.00
45.175	2.115	0.496	0.083	0.00	0.00
45.251	2.115	0.501	0.083	0.00	0.00
45.324	2.115	0.505	0.083	0.00	0.00
45.395	2.115	0.496	0.083	0.00	0.00
45.468	2.115	0.501	0.079	0.00	0.00
45.541	2.115	0.491	0.083	0.00	0.00
45.614	2.115	0.510	0.079	0.00	0.00
45.686	2.115	0.501	0.083	0.00	0.00
45.758	2.115	0.496	0.083	0.00	0.00
45.831	2.115	0.491	0.083	0.00	0.00
45.903	2.115	0.491	0.083	0.00	0.00
45.976	2.115	0.491	0.083	0.00	0.00
46.048	2.115	0.501	0.083	0.00	0.00
46.120	2.115	0.491	0.079	0.00	0.00
46.193	2.115	0.496	0.083	0.00	0.00
46.269	2.115	0.496	0.083	0.00	0.00
46.342	2.115	0.501	0.083	0.00	0.00
46.413	2.115	0.491	0.079	0.00	0.00
46.486	2.115	0.496	0.079	0.00	0.00
46.559	2.115	0.496	0.079	0.00	0.00
46.631	2.115	0.496	0.079	0.00	0.00
46.703	2.120	0.496	0.079	0.00	0.00
46.776	2.115	0.501	0.083	0.00	0.00
46.849	2.115	0.496	0.079	0.00	0.00
46.921	2.115	0.501	0.079	0.00	0.00
46.994	2.115	0.501	0.079	0.00	0.00
47.066	2.115	0.491	0.079	0.00	0.00
47.138	2.115	0.501	0.079	0.00	0.00
47.211	2.115	0.491	0.079	0.00	0.00
47.294	2.115	0.501	0.079	0.00	0.00
47.367	2.115	0.496	0.079	0.00	0.00
47.438	2.115	0.491	0.079	0.00	0.00
47.511	2.115	0.491	0.083	0.00	0.00
47.584	2.115	0.496	0.079	0.00	0.00
47.656	2.115	0.496	0.079	0.00	0.00
47.728	2.115	0.496	0.079	0.00	0.00
47.801	2.115	0.496	0.079	0.00	0.00
47.874	2.115	0.501	0.079	0.00	0.00
47.946	2.115	0.501	0.079	0.00	0.00
48.019	2.115	0.501	0.079	0.00	0.00
48.091	2.115	0.491	0.079	0.00	0.00
48.163	2.115	0.501	0.079	0.00	0.00
48.236	2.115	0.501	0.079	0.00	0.00
48.312	2.115	0.501	0.079	0.00	0.00
48.385	2.115	0.501	0.079	0.00	0.00
48.456	2.115	0.496	0.079	0.00	0.00
48.529	2.115	0.496	0.079	0.00	0.00
48.602	2.120	0.496	0.079	0.00	0.00
48.674	2.115	0.491	0.079	0.00	0.00
48.746	2.115	0.501	0.079	0.00	0.00
48.819	2.115	0.501	0.079	0.00	0.00
48.891	2.115	0.496	0.079	0.00	0.00
48.964	2.120	0.501	0.079	0.00	0.00
49.036	2.115	0.496	0.079	0.00	0.00
49.108	2.115	0.501	0.079	0.00	0.00
49.181	2.115	0.486	0.074	0.00	0.00
49.254	2.115	0.496	0.079	0.00	0.00
49.329	2.115	0.491	0.079	0.00	0.00
49.401	2.115	0.491	0.079	0.00	0.00
49.474	2.115	0.501	0.079	0.00	0.00
49.547	2.115	0.486	0.079	0.00	0.00
49.618	2.115	0.496	0.079	0.00	0.00
49.691	2.115	0.491	0.079	0.00	0.00
49.764	2.115	0.491	0.079	0.00	0.00
49.837	2.115	0.501	0.079	0.00	0.00
49.908	2.115	0.496	0.074	0.00	0.00
49.981	2.120	0.496	0.074	0.00	0.00
50.054	2.115	0.501	0.074	0.00	0.00
50.126	2.115	0.496	0.079	0.00	0.00
50.198	2.115	0.501	0.079	0.00	0.00
50.271	2.120	0.501	0.079	0.00	0.00
50.343	2.115	0.501	0.079	0.00	0.00
50.419	2.115	0.496	0.074	0.00	0.00
50.492	2.115	0.501	0.079	0.00	0.00
50.564	2.115	0.501	0.079	0.00	0.00
50.636	2.115	0.501	0.079	0.00	0.00
50.709	2.115	0.491	0.079	0.00	0.00
50.782	2.115	0.496	0.074	0.00	0.00
50.853	2.115	0.491	0.074	0.00	0.00
50.926	2.115	0.501	0.074	0.00	0.00
50.999	2.115	0.491	0.079	0.00	0.00
51.072	2.115	0.510	0.079	0.00	0.00
51.143	2.115	0.496	0.079	0.00	0.00
51.216	2.115	0.501	0.079	0.00	0.00
51.289	2.115	0.501	0.079	0.00	0.00
51.360	2.115	0.491	0.074	0.00	0.00
51.436	2.115	0.510	0.074	0.00	0.00
51.509	2.115	0.496	0.074	0.00	0.00
51.581	2.115	0.496	0.074	0.00	0.00
51.654	2.120	0.501	0.074	0.00	0.00
51.726	2.120	0.501	0.079	0.00	0.00
51.799	2.115	0.505	0.079	0.00	0.00
51.871	2.120	0.501	0.074	0.00	0.00
51.943	2.115	0.491	0.079	0.00	0.00
52.016	2.115	0.496	0.074	0.00	0.00
52.088	2.115	0.491	0.074	0.00	0.00
52.161	2.115	0.486	0.074	0.00	0.00
52.233	2.115	0.496	0.079	0.00	0.00
52.305	2.115	0.496	0.074	0.00	0.00
52.378	2.115	0.491	0.074	0.00	0.00
52.454	2.115	0.491	0.074	0.00	0.00
52.527	2.115	0.496	0.074	0.00	0.00
52.598	2.115	0.491	0.074	0.00	0.00
52.671	2.120	0.491	0.074	0.00	0.00
52.744	2.115	0.505	0.074	0.00	0.00
52.815	2.115	0.496	0.074	0.00	0.00
52.888	2.120	0.501	0.074	0.00	0.00
52.961	2.115	0.510	0.074	0.00	0.00
53.042	2.115	0.501	0.074	0.00	0.00
53.113	2.120	0.496	0.074	0.00	0.00
53.186	2.115	0.491	0.074	0.00	0.00
53.259	2.115	0.496	0.074	0.00	0.00
53.331	2.115	0.501	0.074	0.00	0.00
53.404	2.115	0.505	0.074	0.00	0.00
53.480	2.115	0.496	0.074	0.00	0.00
53.552	2.120	0.501	0.074	0.00	0.00
53.624	2.115	0.496	0.074	0.00	0.00
53.697	2.115	0.496	0.074	0.00	0.00
53.770	2.115	0.496	0.074	0.00	0.00
53.841	2.115	0.501	0.074	0.00	0.00
53.914	2.120	0.496	0.074	0.00	0.00
53.987	2.115	0.491	0.074	0.00	0.00
54.060	2.115	0.491	0.074	0.00	0.00
54.131	2.115	0.501	0.074	0.00	0.00
54.204	2.115	0.496	0.074	0.00	0.00
54.277	2.115	0.496	0.074	0.00	0.00
54.348	2.120	0.491	0.074	0.00	0.00
54.421	2.120	0.496	0.074	0.00	0.00
54.494	2.115	0.496	0.074	0.00	0.00
54.569	2.115	0.496	0.069	0.00	0.00
54.642	2.115	0.501	0.074	0.00	0.00
54.714	2.115	0.501	0.074	0.00	0.00
54.787	2.115	0.496	0.074	0.00	0.00
54.859	2.115	0.501	0.074	0.00	0.00
54.931	2.115	0.491	0.074	0.00	0.00
55.004	2.115	0.501	0.074	0.00	0.00
55.076	2.120	0.501	0.074	0.00	0.00
55.148	2.115	0.491	0.074	0.00	0.00
55.221	2.115	0.501	0.074	0.00	0.00
55.293	2.115	0.501	0.074	0.00	0.00
55.366	2.115	0.491	0.074	0.00	0.00
55.438	2.115	0.501	0.074	0.00	0.00
55.511	2.115	0.496	0.074	0.00	0.00
55.586	2.115	0.496	0.074	0.00	0.00
55.658	2.120	0.496	0.074	0.00	0.00
55.737	2.115	0.486	0.069	0.00	0.00
55.810	2.115	0.496	0.074	0.00	0.00
55.882	2.115	0.491	0.069	0.00	0.00
55.954	2.115	0.491	0.074	0.00	0.00
56.027	2.120	0.501	0.074	0.00	0.00
56.099	2.115	0.496	0.069	0.00	0.00
56.171	2.115	0.501	0.074	0.00	0.00
56.244	2.115	0.496	0.074	0.00	0.00
56.316	2.115	0.496	0.069	0.00	0.00
56.388	2.115	0.505	0.069	0.00	0.00
56.461	2.115	0.501	0.074	0.00	0.00
56.534	2.115	0.501	0.069	0.00	0.00
56.609	2.115	0.501	0.074	0.00	0.00
56.681	2.120	0.496	0.074	0.00	0.00
56.754	2.120	0.486	0.069	0.00	0.00
56.826	2.115	0.501	0.074	0.00	0.00
56.899	2.120	0.491	0.069	0.00	0.00
56.971	2.115	0.496	0.074	0.00	0.00
57.043	2.115	0.491	0.069	0.00	0.00
57.116	2.115	0.501	0.069	0.00	0.00
57.188	2.115	0.491	0.074	0.00	0.00
57.261	2.115	0.501	0.074	0.00	0.00
57.333	2.115	0.491	0.069	0.00	0.00
57.405	2.120	0.491	0.074	0.00	0.00
57.478	2.120	0.501	0.069	0.00	0.00
57.550	2.120	0.496	0.074	0.00	0.00
57.626	2.115	0.496	0.069	0.00	0.00
57.698	2.115	0.505	0.069	0.00	0.00
57.771	2.115	0.496	0.069	0.00	0.00
57.843	2.115	0.496	0.069	0.00	0.00
57.915	2.115	0.496	0.069	0.00	0.00
57.988	2.115	0.496	0.069	0.00	0.00
58.060	2.115	0.496	0.074	0.00	0.00
58.133	2.115	0.496	0.074	0.00	0.00
58.205	2.115	0.501	0.069	0.00	0.00
58.277	2.115	0.491	0.069	0.00	0.00
58.350	2.115	0.496	0.069	0.00	0.00
58.422	2.115	0.491	0.069	0.00	0.00
58.494	2.115	0.501	0.069	0.00	0.00
58.567	2.120	0.491	0.069	0.00	0.00
58.642	2.115	0.486	0.069	0.00	0.00
58.715	2.120	0.496	0.074	0.00	0.00
58.787	2.120	0.491	0.069	0.00	0.00
58.890	2.115	0.501	0.069	0.00	0.00
58.962	2.115	0.501	0.069	0.00	0.00
59.035	2.120	0.501	0.069	0.00	0.00
59.107	2.120	0.501	0.069	0.00	0.00
59.180	2.115	0.501	0.069	0.00	0.00
59.252	2.120	0.505	0.069	0.00	0.00
59.324	2.115	0.491	0.074	0.00	0.00
59.397	2.115	0.501	0.074	0.00	0.00
59.469	2.115	0.501	0.069	0.00	0.00
59.541	2.120	0.501	0.074	0.00	0.00
59.614	2.115	0.491	0.069	0.00	0.00
59.686	2.115	0.496	0.069	0.00	0.00
59.762	2.115	0.486	0.069	0.00	0.00
59.834	2.115	0.496	0.069	0.00	0.00
59.907	2.115	0.496	0.069	0.00	0.00
59.979	2.115	0.491	0.069	0.00	0.00
60.051	2.115	0.491	0.069	0.00	0.00
60.124	2.115	0.486	0.069	0.00	0.00
60.196	2.115	0.491	0.069	0.00	0.00
60.268	2.115	0.501	0.069	0.00	0.00
60.341	2.120	0.496	0.064	0.00	0.00
60.413	2.120	0.491	0.069	0.00	0.00
60.485	2.115	0.496	0.064	0.00	0.00
60.558	2.115	0.496	0.069	0.00	0.00
60.631	2.120	0.505	0.064	0.00	0.00
60.702	2.115	0.491	0.069	0.00	0.00
60.778	2.115	0.496	0.069	0.00	0.00
60.851	2.115	0.496	0.069	0.00	0.00
60.922	2.115	0.491	0.069	0.00	0.00
60.995	2.115	0.505	0.074	0.00	0.00
61.068	2.115	0.496	0.069	0.00	0.00
61.139	2.115	0.486	0.064	0.00	0.00
61.212	2.115	0.491	0.069	0.00	0.00
61.285	2.115	0.505	0.069	0.00	0.00
61.357	2.115	0.496	0.069	0.00	0.00
61.429	2.115	0.501	0.064	0.00	0.00
61.502	2.120	0.496	0.069	0.00	0.00
61.574	2.115	0.486	0.069	0.00	0.00
61.646	2.120	0.496	0.069	0.00	0.00
61.718	2.120	0.501	0.069	0.00	0.00
61.794	2.115	0.496	0.069	0.00	0.00
61.867	2.115	0.501	0.069	0.00	0.00
61.939	2.120	0.501	0.064	0.00	0.00
62.011	2.115	0.501	0.064	0.00	0.00
62.084	2.115	0.501	0.069	0.00	0.00
62.156	2.120	0.496	0.069	0.00	0.00
62.228	2.115	0.501	0.069	0.00	0.00
62.301	2.115	0.496	0.064	0.00	0.00
62.372	2.115	0.505	0.069	0.00	0.00
62.445	2.115	0.496	0.069	0.00	0.00
62.518	2.115	0.501	0.069	0.00	0.00
62.589	2.120	0.501	0.069	0.00	0.00
62.662	2.120	0.491	0.069	0.00	0.00
62.735	2.115	0.501	0.064	0.00	0.00
62.811	2.115	0.501	0.064	0.00	0.00
62.882	2.120	0.491	0.064	0.00	0.00
62.955	2.115	0.491	0.069	0.00	0.00
63.028	2.115	0.496	0.064	0.00	0.00
63.099	2.115	0.496	0.069	0.00	0.00
63.172	2.120	0.491	0.064	0.00	0.00
63.245	2.115	0.496	0.069	0.00	0.00
63.316	2.115	0.496	0.069	0.00	0.00
63.389	2.115	0.496	0.069	0.00	0.00
63.462	2.115	0.510	0.069	0.00	0.00
63.534	2.115	0.501	0.064	0.00	0.00
63.606	2.120	0.501	0.069	0.00	0.00
63.678	2.120	0.496	0.064	0.00	0.00
63.751	2.115	0.491	0.064	0.00	0.00
63.823	2.115	0.491	0.064	0.00	0.00
63.899	2.115	0.491	0.064	0.00	0.00
63.971	2.115	0.501	0.064	0.00	0.00
64.044	2.115	0.491	0.069	0.00	0.00
64.116	2.120	0.501	0.064	0.00	0.00
64.188	2.120	0.505	0.064	0.00	0.00
64.261	2.115	0.501	0.064	0.00	0.00
64.332	2.115	0.496	0.069	0.00	0.00
64.405	2.120	0.491	0.064	0.00	0.00
64.478	2.120	0.496	0.064	0.00	0.00
64.549	2.115	0.491	0.069	0.00	0.00
64.622	2.115	0.505	0.064	0.00	0.00
64.695	2.115	0.501	0.064	0.00	0.00
64.783	2.115	0.486	0.064	0.00	0.00
64.855	2.115	0.496	0.064	0.00	0.00
64.930	2.115	0.491	0.064	0.00	0.00
65.003	2.115	0.501	0.064	0.00	0.00
65.075	2.115	0.496	0.064	0.00	0.00
65.147	2.115	0.496	0.064	0.00	0.00
65.220	2.120	0.501	0.064	0.00	0.00
65.292	2.120	0.501	0.064	0.00	0.00
65.364	2.120	0.491	0.064	0.00	0.00
65.437	2.115	0.501	0.064	0.00	0.00
65.509	2.115	0.496	0.064	0.00	0.00
65.582	2.115	0.501	0.064	0.00	0.00
65.654	2.115	0.496	0.064	0.00	0.00
65.726	2.115	0.496	0.064	0.00	0.00
65.799	2.120	0.491	0.064	0.00	0.00
65.870	2.115	0.501	0.064	0.00	0.00
65.946	2.120	0.496	0.064	0.00	0.00
66.019	2.115	0.496	0.064	0.00	0.00
66.091	2.115	0.501	0.064	0.00	0.00
66.163	2.115	0.491	0.064	0.00	0.00
66.236	2.115	0.496	0.064	0.00	0.00
66.308	2.115	0.496	0.064	0.00	0.00
66.380	2.115	0.486	0.064	0.00	0.00
66.453	2.115	0.496	0.064	0.00	0.00
66.525	2.115	0.496	0.064	0.00	0.00
66.597	2.115	0.491	0.064	0.00	0.00
66.670	2.120	0.501	0.064	0.00	0.00
66.742	2.120	0.496	0.064	0.00	0.00
66.814	2.115	0.496	0.064	0.00	0.00
66.887	2.115	0.496	0.064	0.00	0.00
66.962	2.115	0.496	0.064	0.00	0.00
67.035	2.115	0.501	0.064	0.00	0.00
67.107	2.115	0.491	0.064	0.00	0.00
67.179	2.115	0.501	0.064	0.00	0.00
67.252	2.115	0.501	0.064	0.00	0.00
67.323	2.115	0.491	0.064	0.00	0.00
67.396	2.115	0.501	0.064	0.00	0.00
67.469	2.115	0.491	0.064	0.00	0.00
67.540	2.115	0.496	0.064	0.00	0.00
67.613	2.120	0.496	0.059	0.00	0.00
67.685	2.115	0.496	0.064	0.00	0.00
67.764	2.120	0.501	0.064	0.00	0.00
67.836	2.120	0.501	0.064	0.00	0.00
67.908	2.115	0.501	0.064	0.00	0.00
67.984	2.115	0.496	0.064	0.00	0.00
68.057	2.120	0.501	0.064	0.00	0.00
68.128	2.115	0.501	0.064	0.00	0.00
68.201	2.115	0.501	0.064	0.00	0.00
68.274	2.120	0.491	0.064	0.00	0.00
68.345	2.115	0.505	0.064	0.00	0.00
68.418	2.115	0.491	0.064	0.00	0.00
68.490	2.115	0.496	0.064	0.00	0.00
68.562	2.115	0.501	0.064	0.00	0.00
68.635	2.120	0.491	0.064	0.00	0.00
68.707	2.115	0.496	0.064	0.00	0.00
68.780	2.120	0.491	0.059	0.00	0.00
68.852	2.115	0.501	0.064	0.00	0.00
68.924	2.120	0.505	0.059	0.00	0.00
68.997	2.115	0.491	0.064	0.00	0.00
69.072	2.120	0.496	0.064	0.00	0.00
69.144	2.115	0.481	0.059	0.00	0.00
69.217	2.115	0.486	0.064	0.00	0.00
69.288	2.115	0.501	0.064	0.00	0.00
69.361	2.115	0.501	0.064	0.00	0.00
69.434	2.115	0.496	0.064	0.00	0.00
69.506	2.115	0.496	0.064	0.00	0.00
69.578	2.120	0.501	0.064	0.00	0.00
69.650	2.120	0.501	0.064	0.00	0.00
69.723	2.115	0.505	0.064	0.00	0.00
69.795	2.115	0.496	0.059	0.00	0.00
69.867	2.115	0.501	0.064	0.00	0.00
69.940	2.115	0.491	0.059	0.00	0.00
70.012	2.120	0.501	0.064	0.00	0.00
70.087	2.115	0.496	0.064	0.00	0.00
70.160	2.120	0.496	0.064	0.00	0.00
70.233	2.120	0.496	0.059	0.00	0.00
70.304	2.120	0.491	0.059	0.00	0.00
70.377	2.115	0.501	0.059	0.00	0.00
70.449	2.115	0.496	0.059	0.00	0.00
70.521	2.115	0.491	0.059	0.00	0.00
70.609	2.115	0.496	0.059	0.00	0.00
70.682	2.115	0.491	0.064	0.00	0.00
70.754	2.115	0.530	3.774	0.00	0.00
70.827	2.120	0.501	3.778	0.00	0.00
70.899	2.115	0.501	3.778	0.00	0.00
70.971	2.120	0.515	3.778	0.00	0.00
71.044	2.115	0.501	3.778	0.00	0.00
71.119	2.115	0.505	3.774	0.00	0.00
71.191	2.115	0.501	3.778	0.00	0.00
71.264	2.115	0.501	3.778	0.00	0.00
71.335	2.115	0.501	3.778	0.00	0.00
71.408	2.115	0.491	3.710	0.00	0.00
71.481	2.115	0.496	3.646	0.00	0.00
71.553	2.120	0.496	3.587	0.00	0.00
71.625	2.115	0.491	3.523	0.00	0.00
71.698	2.115	0.491	3.469	0.00	0.00
71.770	2.115	0.501	3.337	0.00	0.00
71.842	2.115	0.501	3.008	0.00	0.00
71.914	2.115	0.491	2.748	0.00	0.00
71.987	2.120	0.496	2.488	0.00	0.00
72.059	2.115	0.496	2.233	0.00	0.00
72.134	2.115	0.501	1.973	0.00	0.00
72.207	2.115	0.496	1.757	0.00	0.00
72.280	2.115	0.496	1.556	0.00	0.00
72.351	2.120	0.496	1.374	0.00	0.00
72.424	2.120	0.496	1.217	0.00	0.00
72.496	2.115	0.491	1.089	0.00	0.00
72.568	2.120	0.496	0.977	0.00	0.00
72.641	2.115	0.501	0.878	0.00	0.00
72.713	2.115	0.501	0.805	0.00	0.00
72.785	2.115	0.496	0.741	0.00	0.00
72.857	2.115	0.501	0.682	0.00	0.00
72.930	2.115	0.505	0.638	0.00	0.00
73.003	2.115	0.486	0.599	0.00	0.00
73.074	2.115	0.505	0.559	0.00	0.00
73.147	2.115	0.501	0.530	0.00	0.00
73.223	2.115	0.496	0.505	0.00	0.00
73.294	2.120	0.501	0.481	0.00	0.00
73.367	2.115	0.491	0.461	0.00	0.00
73.439	2.115	0.501	0.447	0.00	0.00
73.511	2.120	0.496	0.427	0.00	0.00
73.584	2.115	0.491	0.407	0.00	0.00
73.656	2.120	0.491	0.393	0.00	0.00
73.729	2.115	0.496	0.373	0.00	0.00
73.800	2.115	0.496	0.363	0.00	0.00
73.873	2.115	0.496	0.353	0.00	0.00
