tijd	koppel	stroom	spanning	kadans	snelheid
2.257	2.105	0.505	3.793	0.00	0.00
2.337	2.105	0.505	3.798	0.00	0.00
2.412	2.110	0.491	3.798	0.00	0.00
2.487	2.110	0.505	3.798	0.00	0.00
2.562	2.110	0.501	3.793	0.00	0.00
2.635	2.110	0.505	3.798	0.00	0.00
2.710	2.110	0.505	3.798	0.00	0.00
2.785	2.110	0.496	3.798	0.00	0.00
2.856	2.110	0.505	3.798	0.00	0.00
2.932	2.115	0.501	3.793	0.00	0.00
3.004	2.115	0.505	3.798	0.00	0.00
3.076	2.115	0.505	3.798	0.00	0.00
3.148	2.115	0.510	3.798	0.00	0.00
3.220	2.115	0.501	3.793	0.00	0.00
3.292	2.115	0.501	3.793	0.00	0.00
3.364	2.115	0.501	3.793	0.00	0.00
3.436	2.110	0.501	3.798	5.37	0.00
3.508	2.110	0.501	3.793	5.37	0.00
3.580	2.115	0.510	3.793	5.37	0.00
3.652	2.110	0.505	3.793	5.37	0.00
3.725	2.115	0.510	3.798	5.37	0.00
3.796	2.115	0.510	3.798	5.37	0.00
3.868	2.110	0.505	3.798	5.37	0.00
3.944	2.115	0.510	3.793	0.00	0.00
4.016	2.110	0.505	3.793	0.00	0.00
4.088	2.110	0.501	3.793	0.00	0.00
4.160	2.115	0.505	3.798	0.00	0.00
4.232	2.110	0.510	3.798	0.00	0.00
4.304	2.115	0.515	3.793	0.00	0.00
4.376	2.110	0.496	3.793	0.00	0.00
4.448	2.115	0.501	3.798	0.00	0.00
4.520	2.115	0.496	3.793	0.00	0.00
4.593	2.115	0.505	3.798	0.00	0.00
4.666	2.110	0.505	3.793	0.00	0.00
4.738	2.115	0.491	3.793	0.00	0.00
4.809	2.115	0.505	3.793	0.00	0.00
4.882	2.115	0.501	3.798	0.00	0.00
4.954	2.115	0.501	3.793	0.00	0.00
5.029	2.115	0.501	3.798	0.00	0.00
5.101	2.115	0.505	3.798	0.00	0.00
5.173	2.115	0.496	3.798	0.00	0.00
5.245	2.115	0.501	3.793	0.00	0.00
5.317	2.110	0.501	3.793	0.00	0.00
5.389	2.105	0.510	3.793	0.00	0.00
5.462	2.100	0.501	3.793	0.00	0.00
5.533	2.100	0.491	3.793	0.00	0.00
5.605	2.105	0.505	3.793	0.00	0.00
5.677	2.105	0.505	3.798	0.00	0.00
5.749	2.105	0.501	3.793	0.00	0.00
5.821	2.105	0.505	3.798	0.00	0.00
5.893	2.105	0.501	3.793	0.00	0.00
5.965	2.086	0.505	3.793	0.00	0.00
6.037	2.086	0.501	3.798	0.00	0.00
6.112	2.071	0.510	3.798	0.00	1.89
6.184	2.066	0.496	3.798	0.00	1.89
6.256	2.061	0.501	3.793	2.64	1.89
6.328	2.056	0.501	3.798	2.64	1.89
6.401	2.051	0.491	3.798	2.64	1.89
6.472	2.056	0.501	3.798	2.64	1.89
6.545	2.056	0.501	3.793	2.64	1.89
6.617	2.051	0.496	3.798	2.64	1.89
6.688	2.056	0.501	3.793	2.64	1.89
6.761	2.130	0.505	3.793	0.00	1.89
6.833	2.149	0.505	3.793	0.00	1.89
6.904	2.154	0.505	3.798	11.61	1.89
6.977	2.169	0.520	3.798	11.61	1.89
7.049	2.184	0.505	3.798	11.61	1.89
7.135	2.174	0.501	3.793	11.61	1.89
7.207	2.140	0.496	3.798	11.61	1.89
7.279	2.105	0.510	3.798	11.61	1.89
7.352	2.090	0.501	3.793	17.01	1.89
7.424	2.071	0.501	3.793	17.01	1.89
7.496	2.036	0.496	3.793	17.01	1.89
7.568	1.968	0.505	3.798	17.01	1.89
7.641	1.855	0.501	3.793	17.01	1.89
7.729	1.722	0.505	3.705	17.01	1.89
7.800	1.590	0.854	3.862	17.28	1.89
7.872	1.595	1.722	3.523	17.28	4.54
7.945	1.497	1.242	3.759	17.28	4.54
8.016	1.511	1.811	3.469	17.28	4.54
8.089	1.659	1.364	3.710	17.28	4.54
8.165	1.801	1.472	3.518	20.72	4.54
8.237	1.840	1.639	3.631	20.72	4.54
8.309	1.806	1.448	3.445	20.72	4.54
8.382	1.776	1.403	3.469	20.72	4.54
8.454	1.811	1.207	3.420	20.72	4.54
8.526	1.860	1.070	3.734	20.72	4.54
8.599	1.821	0.967	3.366	20.72	4.54
8.672	1.845	0.957	3.803	0.00	4.54
8.743	1.850	0.800	3.474	0.00	4.54
8.816	1.855	0.510	3.656	0.00	4.54
8.888	1.865	0.505	3.671	0.00	7.64
8.961	1.870	0.501	3.680	0.00	7.64
9.032	1.879	0.510	3.690	0.00	7.64
9.105	1.879	0.501	3.695	0.00	7.64
9.178	1.879	0.505	3.700	0.00	7.64
9.252	1.894	0.505	3.705	0.00	7.64
9.325	1.914	0.505	3.710	0.00	7.64
9.398	1.884	0.505	3.720	0.00	7.64
9.469	1.889	0.496	3.725	0.00	7.64
9.542	1.899	0.505	3.725	0.00	7.64
9.614	1.914	0.496	3.729	0.00	7.64
9.687	1.894	0.505	3.734	0.00	7.64
9.759	1.914	0.505	3.734	0.00	8.68
9.831	1.933	0.501	3.739	0.00	8.68
9.904	1.914	0.501	3.744	0.00	8.68
9.975	1.924	0.501	3.744	4.15	8.68
10.048	1.973	0.496	3.744	4.15	8.68
10.121	1.987	0.491	3.749	4.15	8.68
10.192	1.929	0.501	3.754	4.15	8.68
10.268	1.948	0.501	3.754	4.15	8.68
10.341	1.953	0.491	3.759	4.15	8.68
10.413	1.953	0.501	3.759	4.15	8.68
10.485	2.007	0.501	3.759	0.00	8.68
10.558	2.036	0.496	3.759	0.00	8.68
10.630	2.041	0.496	3.759	0.00	8.68
10.702	2.041	0.501	3.759	0.00	8.68
10.782	2.046	0.501	3.764	0.00	7.35
10.854	2.046	0.501	3.764	0.00	7.35
10.927	2.036	0.505	3.764	0.00	7.35
10.999	2.032	0.505	3.769	0.00	7.35
11.071	2.036	0.501	3.764	0.00	7.35
11.144	2.046	0.501	3.769	0.00	7.35
11.215	2.071	0.505	3.769	6.02	7.35
11.288	2.090	0.501	3.774	6.02	7.35
11.364	2.100	0.501	3.769	6.02	7.35
11.436	2.105	0.505	3.774	6.02	7.35
11.508	2.110	0.510	3.774	6.02	7.35
11.581	2.110	0.510	3.774	19.04	7.35
11.653	2.105	0.501	3.774	19.04	7.35
11.725	2.095	0.501	3.774	19.04	7.35
11.798	2.095	0.501	3.774	19.04	7.35
11.871	2.090	0.496	3.778	19.04	7.35
11.942	2.081	0.491	3.774	19.04	7.35
12.015	2.095	0.505	3.778	19.28	7.35
12.088	2.110	0.501	3.778	19.28	7.35
12.160	2.135	0.505	3.778	19.28	5.88
12.232	2.140	0.510	3.778	19.28	5.88
12.305	2.154	0.501	3.778	19.28	5.88
12.375	2.154	0.501	3.778	20.95	5.88
12.447	2.154	0.501	3.788	20.95	5.88
12.520	2.149	0.564	3.975	20.95	5.88
12.592	2.105	0.952	3.788	20.95	5.88
12.664	2.071	1.197	3.518	22.59	5.88
12.737	2.036	1.256	3.720	22.59	5.88
12.809	1.987	1.276	3.577	22.59	5.88
12.881	1.909	1.497	3.460	22.59	5.88
12.954	1.953	0.761	3.729	22.59	5.88
13.026	1.963	0.501	3.690	24.75	5.88
13.105	1.938	0.505	3.700	24.75	5.88
13.177	1.929	0.501	3.705	24.75	7.45
13.249	1.943	0.501	3.710	24.75	7.45
13.325	1.938	0.505	3.715	24.75	7.45
13.398	1.938	0.505	3.720	24.75	7.45
13.470	1.953	0.510	3.729	0.00	7.45
13.542	1.958	0.496	3.729	0.00	7.45
13.615	1.943	0.501	3.734	0.00	7.45
13.686	1.938	0.496	3.739	11.00	7.45
13.759	1.938	0.501	3.744	11.00	7.45
13.856	1.899	0.501	3.744	11.00	7.45
13.929	1.938	0.496	3.749	28.74	7.45
14.001	1.982	0.510	3.749	28.74	7.45
14.073	2.007	0.501	3.754	28.74	7.45
14.146	2.032	0.510	3.754	28.74	7.89
14.218	2.061	0.496	3.759	24.83	7.89
14.290	2.095	0.510	3.656	24.83	7.89
14.366	2.090	0.667	3.695	24.83	7.89
14.438	2.120	0.957	3.592	24.83	7.89
14.511	2.169	1.016	3.553	25.00	7.89
14.583	2.140	1.492	3.558	25.00	7.89
14.656	2.213	1.148	3.582	25.00	7.89
14.728	2.164	1.369	3.494	25.00	7.89
14.800	2.252	1.281	3.558	26.13	7.89
14.873	2.262	1.492	3.577	26.13	7.89
14.945	2.282	0.962	3.739	26.13	7.89
15.017	2.277	1.143	3.509	26.13	7.89
15.090	2.208	1.222	3.499	25.86	8.15
15.162	2.228	1.173	3.641	25.86	8.15
15.235	2.179	0.501	3.661	25.86	8.15
15.307	2.140	0.496	3.671	25.86	8.15
15.383	2.100	0.501	3.685	27.08	8.15
15.455	2.051	0.501	3.690	27.08	8.15
15.527	1.938	0.515	3.725	27.08	8.15
15.600	1.737	0.530	3.631	27.08	8.15
15.672	1.673	0.878	3.602	26.60	8.15
15.745	1.580	0.756	3.759	26.60	8.15
15.817	1.506	1.001	3.567	26.60	8.15
15.889	1.448	0.883	3.479	26.60	8.15
15.962	1.428	0.962	3.455	28.52	8.15
16.034	1.467	0.981	3.518	28.52	8.51
16.106	1.703	1.006	3.567	28.52	8.51
16.179	1.668	0.805	3.823	26.98	8.51
16.251	1.767	0.805	3.533	26.98	8.51
16.324	1.938	0.942	3.558	26.98	8.51
16.399	2.036	1.021	3.715	26.98	8.51
16.472	2.046	0.893	3.862	30.49	8.51
16.544	2.061	0.834	3.523	30.49	8.51
16.616	2.076	0.898	3.528	30.49	8.51
16.689	2.076	1.006	3.587	32.05	8.51
16.761	2.081	0.761	3.445	32.05	8.51
16.858	2.081	0.736	3.499	32.05	9.65
16.930	2.110	0.770	3.518	33.19	9.65
17.003	2.125	0.780	3.818	33.19	9.65
17.075	2.144	0.677	3.725	33.19	9.65
17.147	2.174	0.726	3.774	33.78	9.65
17.220	2.154	0.697	3.729	33.78	9.65
17.292	2.110	0.716	3.563	33.78	9.65
17.364	2.056	0.677	3.602	35.05	9.65
17.440	1.899	0.687	3.617	35.05	9.65
17.513	1.722	0.667	3.852	35.05	11.05
17.585	1.619	0.638	3.872	36.41	11.05
17.657	1.580	0.633	3.823	36.41	11.05
17.730	1.600	0.653	3.636	38.27	11.05
17.802	1.644	0.608	3.828	38.27	11.05
17.874	1.767	0.638	3.847	38.27	11.05
17.947	1.870	0.604	3.563	37.13	11.05
18.019	1.987	0.584	3.798	37.13	11.05
18.092	2.051	0.550	3.661	37.13	11.05
18.164	2.061	0.545	3.646	37.13	12.07
18.236	2.046	0.559	3.602	37.13	12.07
18.309	1.992	0.579	3.778	37.13	12.07
18.384	1.968	0.599	3.641	18.38	12.07
18.457	1.987	0.604	3.617	18.38	12.07
18.529	1.992	0.515	3.744	18.38	12.07
18.601	2.002	0.510	3.729	18.38	12.07
18.674	2.022	0.501	3.729	18.38	12.07
18.746	2.022	0.510	3.734	18.38	12.07
18.819	2.012	0.505	3.734	18.38	12.28
18.891	2.027	0.501	3.739	0.00	12.28
18.963	2.002	0.501	3.739	13.07	12.28
19.036	1.982	0.496	3.744	13.07	12.28
19.108	1.997	0.505	3.744	13.07	12.28
19.181	2.002	0.491	3.744	13.07	12.28
19.253	2.007	0.501	3.749	13.07	12.28
19.325	1.997	0.505	3.749	13.07	12.28
19.401	2.007	0.510	3.754	13.07	12.28
19.473	2.022	0.501	3.754	0.00	11.95
19.546	2.007	0.496	3.754	0.00	11.95
19.618	2.002	0.501	3.759	0.00	11.95
19.690	2.012	0.496	3.754	0.00	11.95
19.763	2.007	0.501	3.759	0.00	11.95
19.834	1.987	0.505	3.759	0.00	11.95
19.922	2.002	0.501	3.764	7.50	11.95
19.994	1.997	0.496	3.759	7.50	11.95
20.067	1.987	0.510	3.764	7.50	12.07
20.140	1.997	0.501	3.764	7.50	12.07
20.211	2.002	0.491	3.764	7.50	12.07
20.284	1.982	0.501	3.764	7.50	12.07
20.356	1.982	0.505	3.764	7.50	12.07
20.431	1.987	0.491	3.769	0.00	12.07
20.504	1.987	0.505	3.769	0.00	12.07
20.576	1.963	0.505	3.769	0.00	12.07
20.648	1.982	0.501	3.764	0.00	12.07
20.720	1.982	0.501	3.769	0.00	12.07
20.793	1.973	0.501	3.769	0.00	12.07
20.866	1.973	0.501	3.769	0.00	10.43
20.937	1.973	0.501	3.769	0.00	10.43
21.010	1.963	0.505	3.769	0.00	10.43
21.082	1.948	0.501	3.769	0.00	10.43
21.154	1.919	0.505	3.769	0.00	10.43
21.227	1.909	0.505	3.774	0.00	10.43
21.299	1.904	0.496	3.774	0.00	10.43
21.374	1.879	0.501	3.774	0.00	10.43
21.446	1.904	0.505	3.774	0.00	10.43
21.519	1.914	0.496	3.774	0.00	10.43
21.592	1.948	0.505	3.774	0.00	10.43
21.663	1.973	0.510	3.774	0.00	10.43
21.736	1.943	0.501	3.774	0.00	10.43
21.808	1.978	0.501	3.774	0.00	10.43
21.880	2.036	0.505	3.774	0.00	7.50
21.952	2.002	0.496	3.774	0.00	7.50
22.025	2.012	0.505	3.778	0.00	7.50
22.097	2.012	0.496	3.774	0.00	7.50
22.169	2.007	0.501	3.778	0.00	7.50
22.242	2.022	0.496	3.774	0.00	7.50
22.313	2.007	0.491	3.774	0.00	7.50
22.389	1.982	0.501	3.778	0.00	7.50
22.461	2.017	0.501	3.778	0.00	7.50
22.534	2.036	0.505	3.774	0.00	7.50
22.605	1.992	0.505	3.778	0.00	7.50
22.678	2.017	0.491	3.778	0.00	7.50
22.750	2.036	0.505	3.774	0.00	7.50
22.822	2.012	0.501	3.778	0.00	7.50
22.910	2.017	0.501	3.778	0.00	7.50
22.982	2.032	0.505	3.774	0.00	7.50
23.055	2.027	0.505	3.774	0.00	7.50
23.127	2.032	0.505	3.778	0.00	7.50
23.199	2.041	0.505	3.778	0.00	7.50
23.271	2.046	0.505	3.778	0.00	7.50
23.344	2.041	0.505	3.778	0.00	5.17
23.416	2.076	0.510	3.778	0.00	5.17
23.491	2.061	0.501	3.778	0.00	5.17
23.564	2.041	0.505	3.778	0.00	5.17
23.635	2.056	0.501	3.778	0.00	5.17
23.708	2.071	0.505	3.778	0.00	5.17
23.780	2.076	0.510	3.778	1.96	5.17
23.853	2.071	0.505	3.778	1.96	5.17
23.925	2.095	0.505	3.778	1.96	5.17
23.997	2.100	0.501	3.778	1.96	5.17
24.070	2.115	0.510	3.778	1.96	5.17
24.141	2.125	0.501	3.778	1.96	5.17
24.214	2.125	0.501	3.778	1.96	5.17
24.286	2.120	0.496	3.778	0.00	5.17
24.358	2.125	0.496	3.778	0.00	5.17
24.430	2.115	0.505	3.778	0.00	5.17
24.506	2.110	0.501	3.778	0.00	5.17
24.578	2.115	0.501	3.778	0.00	5.17
24.650	2.086	0.501	3.783	0.00	5.17
24.722	2.100	0.501	3.783	0.00	5.17
24.801	2.081	0.505	3.778	0.00	5.17
24.873	2.071	0.501	3.778	0.00	5.17
24.945	2.071	0.501	3.778	0.00	5.17
25.017	2.071	0.501	3.778	5.94	5.17
25.090	2.071	0.510	3.778	5.94	5.17
25.162	2.071	0.501	3.783	5.94	5.17
25.234	2.081	0.505	3.778	5.94	5.17
25.307	2.081	0.501	3.783	5.94	5.17
25.378	2.090	0.496	3.783	5.94	0.00
25.451	2.086	0.505	3.778	5.94	0.00
25.526	2.076	0.501	3.778	0.00	0.00
25.598	2.061	0.505	3.778	0.00	0.00
25.670	2.061	0.496	3.778	0.00	0.00
25.743	2.066	0.496	3.783	10.34	0.00
25.815	2.071	0.496	3.783	10.34	0.00
25.887	2.071	0.505	3.783	10.34	0.00
25.982	2.076	0.515	3.778	10.34	2.97
26.061	2.090	0.510	3.783	10.34	2.97
26.140	2.095	0.501	3.778	10.34	2.97
26.219	2.105	0.501	3.778	0.00	2.97
26.298	2.105	0.515	3.778	14.51	2.97
26.376	2.120	0.633	3.695	14.51	2.97
26.455	2.135	1.477	3.577	14.51	2.97
26.533	2.090	1.418	3.788	14.51	2.97
26.615	2.159	1.757	3.695	14.51	2.97
26.694	2.120	1.335	3.646	17.86	2.97
26.773	1.963	1.639	3.450	17.86	2.97
26.845	1.806	1.320	3.626	17.86	2.97
26.917	1.639	1.565	3.617	17.86	2.97
26.989	1.448	1.467	3.587	17.86	2.97
27.062	1.335	1.467	3.528	22.19	2.97
27.134	1.330	1.614	3.425	22.19	2.97
27.206	1.202	0.829	3.440	22.19	6.24
27.279	1.202	0.977	3.455	26.69	6.24
27.351	1.266	0.972	3.808	26.69	6.24
27.423	1.418	0.942	3.700	26.69	6.24
27.496	1.438	0.913	3.514	26.69	6.24
27.568	1.590	0.854	3.877	29.88	6.24
27.643	1.860	0.770	3.464	29.88	6.24
27.716	1.992	0.731	3.479	29.88	6.24
27.788	2.017	0.731	3.567	32.33	6.24
27.860	2.076	0.648	3.788	32.33	6.24
27.932	2.056	0.785	3.509	32.33	6.24
28.005	2.036	0.859	3.572	35.21	10.15
28.078	2.061	0.736	3.558	35.21	10.15
28.149	2.071	0.800	3.759	35.21	10.15
28.222	2.095	0.658	3.749	35.38	10.15
28.295	2.105	0.604	3.572	35.38	10.15
28.366	2.115	0.545	3.886	35.38	10.15
28.439	2.198	0.555	3.528	37.69	10.15
28.512	2.198	0.574	3.651	37.69	10.15
28.583	2.017	0.525	3.759	40.11	10.15
28.659	1.879	0.638	3.823	40.11	11.94
28.732	1.526	0.555	3.631	40.11	11.94
28.804	1.202	0.525	3.479	39.89	11.94
28.876	1.065	0.555	3.680	39.89	11.94
28.949	1.143	0.520	3.764	41.90	11.94
29.037	1.291	0.555	3.651	41.90	11.94
29.110	1.418	0.535	3.808	41.90	11.94
29.182	1.717	0.540	3.808	40.76	11.94
29.254	1.987	0.525	3.597	40.76	13.06
29.327	2.076	0.530	3.793	44.12	13.06
29.399	2.051	0.535	3.867	44.12	13.06
29.471	2.051	0.525	3.626	46.88	13.06
29.544	2.076	0.540	3.710	46.88	13.06
29.619	2.100	0.535	3.739	45.18	13.06
29.691	2.144	0.525	3.793	45.18	13.06
29.764	2.174	0.530	3.837	45.18	14.37
29.836	2.203	0.515	3.587	45.45	14.37
29.908	2.135	0.535	3.950	45.45	14.37
29.981	2.017	0.520	3.626	47.17	14.37
30.053	1.776	0.520	3.823	47.17	14.37
30.126	1.649	0.540	3.626	46.88	14.37
30.197	1.664	0.525	3.646	46.88	14.37
30.270	1.698	0.530	3.612	47.17	14.92
30.343	1.727	0.525	3.877	47.17	14.92
30.414	1.825	0.535	3.661	47.17	14.92
30.487	1.958	0.525	3.823	46.88	14.92
30.563	2.036	0.530	3.813	46.88	14.92
30.635	2.066	0.520	3.857	47.17	14.92
30.707	2.066	0.520	3.754	47.17	14.92
30.780	2.081	0.525	3.548	48.08	14.92
30.852	2.090	0.535	3.749	48.08	14.95
30.924	2.140	0.520	3.509	48.39	14.95
30.996	2.174	0.515	3.651	48.39	14.95
31.069	2.198	0.525	3.617	48.39	14.95
31.141	2.169	0.530	3.749	48.39	14.95
31.213	2.125	0.520	3.499	48.08	14.95
31.286	2.086	0.530	3.808	48.08	14.95
31.358	2.046	0.525	3.872	47.77	15.30
31.430	1.963	0.525	3.597	47.77	15.30
31.503	1.914	0.530	3.823	55.97	15.30
31.579	1.894	0.520	3.901	55.97	15.30
31.650	1.933	0.525	3.882	53.96	15.30
31.723	2.022	0.535	3.680	53.96	15.30
31.795	2.081	0.525	3.788	54.35	15.42
31.867	2.095	0.520	3.862	54.35	15.42
31.940	2.100	0.530	3.847	55.97	15.42
32.012	2.105	0.530	3.896	55.97	15.42
32.099	2.135	0.535	3.837	55.97	15.42
32.172	2.174	0.530	3.597	55.15	15.42
32.244	2.189	0.510	3.661	55.15	15.42
32.316	2.095	0.530	3.592	56.39	15.87
32.389	1.894	0.515	3.621	56.39	15.87
32.460	1.649	0.520	3.577	58.14	15.87
32.536	1.565	0.535	3.778	58.14	15.87
32.609	1.600	0.525	3.818	58.59	15.87
32.680	1.742	0.520	3.852	58.59	15.87
32.753	1.963	0.515	3.813	57.69	16.54
32.826	2.076	0.525	3.867	58.59	16.54
32.898	2.125	0.530	3.813	58.59	16.54
32.970	2.135	0.515	3.680	60.48	16.54
33.042	2.144	0.515	3.582	60.48	16.54
33.115	2.179	0.535	3.803	60.00	16.54
33.187	2.218	0.515	3.734	60.00	16.54
33.259	2.198	0.540	3.862	59.52	17.01
33.332	2.100	0.520	3.798	61.48	17.01
33.403	1.933	0.525	3.842	61.48	17.01
33.476	1.708	0.515	3.798	60.48	17.01
33.552	1.639	0.530	3.847	60.48	17.01
33.624	1.698	0.525	3.764	61.98	17.01
33.696	1.870	0.530	3.842	60.98	17.43
33.769	2.022	0.525	3.867	60.98	17.43
33.841	2.120	0.520	3.867	57.69	17.43
33.913	2.105	0.520	3.749	57.69	17.43
33.985	2.051	0.525	3.793	57.69	17.43
34.058	1.978	0.515	3.803	57.69	17.43
34.130	1.978	0.505	3.764	30.61	17.63
34.202	1.982	0.491	3.764	30.61	17.63
34.275	1.992	0.510	3.769	30.61	17.63
34.347	2.012	0.510	3.769	30.61	17.63
34.419	2.007	0.496	3.764	30.61	17.63
34.495	2.002	0.505	3.769	30.61	17.63
34.567	1.997	0.510	3.769	0.00	17.92
34.639	2.002	0.505	3.774	13.79	17.92
34.711	1.997	0.505	3.764	13.79	17.92
34.784	1.978	0.496	3.774	13.79	17.92
34.855	1.992	0.505	3.769	13.79	17.92
34.928	1.982	0.501	3.769	13.79	17.92
35.001	1.982	0.501	3.774	13.79	17.92
35.089	2.017	0.501	3.769	13.79	17.92
35.161	1.982	0.501	3.769	0.00	17.92
35.233	1.953	0.501	3.769	0.00	17.92
35.305	2.036	0.505	3.774	0.00	17.92
35.378	1.997	0.496	3.774	0.00	17.92
35.449	2.041	0.505	3.774	0.00	17.63
35.525	2.105	0.501	3.774	8.17	17.63
35.597	2.149	0.501	3.774	8.17	17.63
35.670	2.164	0.491	3.774	57.69	17.63
35.742	2.164	0.510	3.778	57.69	17.63
35.814	2.223	0.496	3.774	63.56	17.63
35.887	2.233	0.505	3.778	66.37	17.79
35.958	2.198	0.505	3.778	66.37	17.79
36.031	2.012	0.510	3.774	64.66	17.79
36.103	1.806	0.505	3.774	64.66	17.79
36.175	1.605	0.510	3.788	60.00	17.79
36.247	1.614	0.515	3.842	63.03	17.79
36.320	1.757	0.515	3.793	63.03	17.92
36.392	1.884	0.525	3.626	61.48	17.92
36.464	2.036	0.530	3.489	61.48	17.92
36.540	2.125	0.515	3.617	60.98	17.92
36.618	2.130	0.525	3.803	62.50	17.92
36.690	2.144	0.515	3.607	62.50	17.92
36.763	2.198	0.525	3.661	62.50	17.55
36.835	2.203	0.520	3.778	62.50	17.55
36.908	2.193	0.520	3.837	62.50	17.55
36.979	2.090	0.510	3.813	63.03	17.55
37.052	1.919	0.535	3.823	63.03	17.55
37.124	1.703	0.520	3.690	61.48	17.55
37.196	1.654	0.535	3.774	61.48	17.79
37.269	1.703	0.515	3.808	63.56	17.79
37.341	1.830	0.510	3.867	63.03	17.79
37.413	2.041	0.510	3.828	63.03	17.79
37.488	2.105	0.510	3.793	63.56	17.79
37.561	2.115	0.525	3.803	63.56	17.79
37.634	2.120	0.535	3.877	63.56	18.08
37.705	2.189	0.515	3.798	63.56	18.08
37.778	2.203	0.510	3.666	63.56	18.08
37.850	2.174	0.520	3.832	65.22	18.08
37.922	2.115	0.520	3.818	63.03	18.08
37.994	1.958	0.525	3.666	63.03	18.08
38.067	1.673	0.535	3.901	63.56	18.17
38.184	1.565	0.520	3.867	65.79	18.17
38.281	1.811	0.535	3.764	64.10	18.17
38.352	2.002	0.520	3.867	64.10	18.17
38.425	2.071	0.520	3.602	64.66	18.52
38.500	2.081	0.520	3.832	66.96	18.52
38.573	2.095	0.520	3.577	66.96	18.52
38.644	2.120	0.525	3.852	66.96	18.52
38.717	2.130	0.525	3.828	65.79	18.52
38.789	2.164	0.515	3.921	65.79	18.52
38.861	2.002	0.510	3.847	66.96	18.92
38.933	1.708	0.505	3.607	66.96	18.92
39.006	1.541	0.525	3.793	68.18	18.92
39.077	1.453	0.505	3.725	68.18	18.92
39.150	1.664	0.520	3.749	68.18	18.92
39.222	1.968	0.520	3.823	65.22	18.92
39.294	2.125	0.510	3.823	69.44	19.25
39.366	2.120	0.525	3.793	69.44	19.25
39.439	2.100	0.520	3.798	71.43	19.25
39.514	2.120	0.515	3.778	68.81	19.25
39.586	2.149	0.520	3.798	68.81	19.25
39.658	2.115	0.520	3.690	68.81	19.69
39.731	2.036	0.520	3.778	68.81	19.69
39.802	1.816	0.530	3.788	68.81	19.69
39.875	1.472	0.515	3.803	69.44	19.69
39.947	1.629	0.515	3.803	72.82	19.69
40.019	1.776	0.505	3.528	72.82	20.05
40.092	1.973	0.525	3.798	69.44	20.05
40.164	2.140	0.515	3.587	70.75	20.05
40.237	2.100	0.540	3.852	72.82	20.05
40.308	2.115	0.530	3.788	72.82	20.05
40.381	2.144	0.520	3.828	70.09	20.05
40.456	2.140	0.520	3.607	70.09	20.10
40.528	2.159	0.520	3.749	70.09	20.10
40.601	2.017	0.520	3.548	70.75	20.10
40.674	1.771	0.520	3.494	69.44	20.10
40.747	1.595	0.505	4.048	69.44	20.10
40.818	1.698	0.520	3.901	72.12	20.15
40.891	1.801	0.520	3.882	69.44	20.15
40.964	2.056	0.520	3.793	69.44	20.15
41.036	2.218	0.525	3.842	71.43	20.15
41.108	2.144	0.510	3.852	75.76	20.15
41.181	2.100	0.525	3.862	72.82	20.58
41.253	2.198	0.515	3.617	72.82	20.58
41.326	2.149	0.515	3.793	68.81	20.58
41.399	2.100	0.505	3.582	68.81	20.58
41.475	1.855	0.525	3.788	68.81	20.58
41.546	1.629	0.515	3.818	70.75	20.58
41.619	1.575	0.520	3.818	72.82	19.94
41.692	1.776	0.515	3.641	72.82	19.94
41.764	1.973	0.515	3.793	71.43	19.94
41.836	2.125	0.525	3.783	70.75	19.94
41.909	2.105	0.525	3.793	70.75	19.94
41.981	2.144	0.520	3.847	72.82	20.47
42.054	2.189	0.525	3.631	75.00	20.47
42.127	2.174	0.530	3.671	72.12	20.47
42.199	2.135	0.520	3.656	72.12	20.47
42.271	2.002	0.515	3.813	70.75	20.47
42.344	1.683	0.515	3.818	71.43	20.58
42.420	1.585	0.501	3.577	71.43	20.58
42.492	1.634	0.505	3.759	74.26	20.58
42.564	1.909	0.520	3.558	72.12	20.58
42.637	2.076	0.525	3.587	72.12	20.58
42.717	2.149	0.510	3.749	71.43	20.69
42.789	2.130	0.510	3.783	73.53	20.69
42.862	2.208	0.515	3.798	74.26	20.69
42.934	2.203	0.520	3.793	74.26	20.69
43.006	2.174	0.520	3.788	73.53	20.69
43.079	2.051	0.525	3.764	73.53	20.97
43.152	1.801	0.525	3.548	73.53	20.97
43.224	1.639	0.520	3.597	73.53	20.97
43.296	1.659	0.515	3.685	75.76	20.97
43.369	1.865	0.520	3.783	75.00	20.97
43.445	2.095	0.525	3.788	75.00	21.31
43.517	2.159	0.515	3.793	73.53	21.31
43.589	2.159	0.520	3.641	78.12	21.31
43.662	2.164	0.515	3.793	75.76	21.31
43.735	2.193	0.515	3.803	75.76	21.31
43.807	2.184	0.505	3.798	74.26	21.37
43.879	2.041	0.515	3.764	75.76	21.37
43.952	1.830	0.520	3.783	76.53	21.37
44.024	1.722	0.520	3.572	76.53	21.37
44.097	1.742	0.515	3.788	75.00	21.37
44.169	1.924	0.510	3.837	75.00	21.61
44.241	2.061	0.505	3.793	75.00	21.61
44.314	2.140	0.520	3.872	77.32	21.61
44.390	2.105	0.520	3.886	74.26	21.61
44.463	2.125	0.520	3.803	72.82	21.61
44.534	2.149	0.515	3.514	72.82	21.14
44.607	2.184	0.505	3.798	77.32	21.14
44.680	1.997	0.515	3.832	77.32	21.14
44.752	1.757	0.520	3.774	75.00	21.14
44.824	1.560	0.520	3.788	75.00	21.14
44.897	1.649	0.515	3.788	76.53	21.85
44.969	1.904	0.520	3.842	77.32	21.85
45.041	2.041	0.505	3.435	75.76	21.85
45.114	2.130	0.520	3.788	75.76	21.85
45.187	2.135	0.510	3.778	76.53	21.85
45.259	2.233	0.520	3.577	77.32	21.79
45.331	2.208	0.520	3.852	76.53	21.79
45.407	2.144	0.515	3.886	76.53	21.79
45.479	1.992	0.515	3.607	75.76	21.79
45.552	1.664	0.510	3.764	76.53	21.79
45.625	1.467	0.496	3.783	79.79	21.85
45.697	1.713	0.520	3.872	79.79	21.85
45.769	1.953	0.520	3.479	78.12	21.85
45.842	2.071	0.525	3.798	74.26	21.85
45.914	2.130	0.520	3.813	76.53	21.85
45.986	2.120	0.520	3.803	76.53	21.79
46.059	2.189	0.525	3.788	75.76	21.79
46.132	2.198	0.515	3.842	78.12	21.79
46.204	2.105	0.530	3.808	78.12	21.79
46.276	1.899	0.505	3.769	75.76	21.79
46.352	1.668	0.515	3.764	76.53	21.92
46.425	1.580	0.520	3.793	79.79	21.92
46.497	1.786	0.520	3.788	79.79	21.92
46.569	2.041	0.525	3.852	77.32	21.92
46.642	2.164	0.525	3.828	76.53	22.17
46.714	2.130	0.525	3.847	79.79	22.17
46.787	2.130	0.505	3.832	79.79	22.17
46.859	2.130	0.520	3.754	79.79	22.17
46.931	2.164	0.520	3.798	78.12	22.17
47.004	2.051	0.505	3.783	77.32	22.36
47.077	1.840	0.505	3.636	78.12	22.36
47.149	1.664	0.510	3.744	78.12	22.36
47.221	1.639	0.530	3.788	80.65	22.36
47.294	1.943	0.510	3.494	78.12	22.36
47.370	2.115	0.515	3.778	78.95	22.49
47.441	2.154	0.515	3.803	78.95	22.49
47.514	2.149	0.520	3.788	82.42	22.49
47.587	2.130	0.515	3.837	79.79	22.49
47.660	2.154	0.510	3.778	78.12	22.49
47.731	2.159	0.520	3.788	78.12	22.62
47.804	2.046	0.515	3.808	78.95	22.62
47.877	1.840	0.520	3.832	78.95	22.62
47.948	1.727	0.525	3.783	80.65	22.62
48.021	1.884	0.510	3.793	78.95	22.68
48.094	2.061	0.515	3.563	78.95	22.68
48.166	2.189	0.501	3.788	78.95	22.68
48.238	2.140	0.505	3.808	79.79	22.68
48.314	2.149	0.515	3.808	78.95	22.68
48.387	2.203	0.520	3.769	78.95	22.42
48.467	2.144	0.520	3.798	78.12	22.42
48.545	2.056	0.515	3.818	79.79	22.42
48.618	1.884	0.505	3.720	78.95	22.42
48.691	1.801	0.520	3.783	79.79	22.42
48.762	1.875	0.510	3.582	79.79	22.55
48.835	2.022	0.515	3.778	78.95	22.55
48.908	2.125	0.510	3.563	78.95	22.55
48.980	2.189	0.510	3.803	79.79	22.55
49.052	2.213	0.525	3.808	79.79	22.62
49.125	2.228	0.510	3.788	79.79	22.62
49.198	2.184	0.515	3.788	78.95	22.62
49.269	2.110	0.505	3.518	79.79	22.62
49.345	2.027	0.505	3.504	77.32	22.62
49.418	1.899	0.530	3.788	77.32	22.42
49.490	1.879	0.515	3.783	78.95	22.42
49.563	1.948	0.530	3.837	79.79	22.42
49.635	2.041	0.501	3.788	78.95	22.42
49.708	2.105	0.515	3.793	78.95	22.42
49.780	2.095	0.510	3.788	79.79	22.55
49.852	2.144	0.520	3.582	80.65	22.55
49.925	2.130	0.505	3.489	79.79	22.55
49.997	2.120	0.510	3.818	79.79	22.55
50.070	2.036	0.505	3.828	78.12	22.55
50.142	1.850	0.515	3.803	78.95	22.62
50.214	1.796	0.515	3.872	81.52	22.62
50.290	1.904	0.515	3.582	79.79	22.62
50.363	2.036	0.505	3.788	79.79	22.62
50.435	2.144	0.505	3.778	78.95	22.82
50.507	2.144	0.515	3.783	81.52	22.82
50.580	2.179	0.525	3.788	82.42	22.82
50.652	2.179	0.515	3.808	82.42	22.82
50.724	2.125	0.510	3.563	80.65	22.82
50.797	2.051	0.505	3.823	79.79	23.02
50.870	1.899	0.520	3.788	79.79	23.02
50.941	1.771	0.510	3.813	83.33	23.02
51.014	1.835	0.510	3.778	83.33	23.02
51.087	2.007	0.520	3.783	80.65	23.02
51.159	2.130	0.515	3.813	81.52	23.16
51.231	2.135	0.515	3.818	82.42	23.16
51.307	2.159	0.515	3.788	81.52	23.16
51.380	2.193	0.510	3.509	81.52	23.16
51.451	2.144	0.505	3.720	81.52	23.16
51.524	2.056	0.520	3.867	81.52	23.16
51.597	1.953	0.510	3.818	77.32	23.16
51.668	1.762	0.510	3.788	77.32	23.16
51.741	1.821	0.510	3.803	86.21	23.16
51.814	1.982	0.510	3.788	81.52	23.30
51.886	2.095	0.515	3.778	82.42	23.30
51.958	2.135	0.520	3.774	82.42	23.30
52.031	2.159	0.515	3.764	82.42	23.30
52.104	2.198	0.515	3.793	82.42	23.30
52.175	2.164	0.505	3.793	82.42	23.30
52.251	2.071	0.510	3.823	81.52	23.30
52.324	1.909	0.520	3.774	81.52	23.30
52.397	1.870	0.515	3.783	81.52	23.30
52.468	1.791	0.515	3.793	85.23	23.72
52.541	2.007	0.505	3.577	83.33	23.72
52.614	2.110	0.510	3.803	81.52	23.72
52.685	2.164	0.515	3.823	80.65	23.72
52.758	2.198	0.510	3.759	80.65	23.09
52.831	2.198	0.520	3.798	82.42	23.09
52.903	2.164	0.515	3.793	82.42	23.09
52.975	2.076	0.515	3.788	82.42	23.09
53.048	1.929	0.515	3.783	79.79	23.09
53.121	1.811	0.515	3.798	79.79	23.44
53.192	1.732	0.505	3.577	84.27	23.44
53.268	2.012	0.520	3.852	83.33	23.44
53.342	2.100	0.505	3.818	78.95	23.44
53.413	2.149	0.515	3.818	80.65	23.44
53.486	2.208	0.515	3.778	80.65	23.23
53.559	2.238	0.510	3.783	85.23	23.23
53.632	2.164	0.520	3.788	82.42	23.23
53.703	2.081	0.515	3.882	80.65	23.23
53.776	1.845	0.510	3.808	80.65	23.30
53.849	1.713	0.515	3.783	80.65	23.30
53.920	1.752	0.520	3.798	84.27	23.30
53.993	1.973	0.520	3.788	84.27	23.30
54.066	2.149	0.505	3.798	83.33	23.30
54.137	2.144	0.510	3.553	82.42	23.80
54.213	2.120	0.510	3.778	82.42	23.80
54.301	2.213	0.515	3.803	83.33	23.80
54.374	2.164	0.505	3.813	82.42	23.80
54.447	2.086	0.515	3.793	81.52	23.44
54.518	1.889	0.510	3.783	80.65	23.44
54.591	1.727	0.510	3.813	85.23	23.44
54.664	1.801	0.510	3.788	85.23	23.44
54.735	2.032	0.515	3.788	83.33	23.72
54.808	2.144	0.505	3.788	80.65	23.72
54.881	2.086	0.505	3.803	80.65	23.72
54.952	2.002	0.510	3.734	80.65	23.72
55.025	1.884	0.515	3.842	39.89	23.72
55.098	1.933	0.515	3.798	39.89	23.44
55.170	1.982	0.515	3.538	39.89	23.44
55.245	1.997	0.505	3.808	39.89	23.44
55.318	2.007	0.491	3.769	39.89	23.44
55.391	2.027	0.501	3.778	39.89	23.44
55.462	1.938	0.505	3.774	0.00	23.23
55.535	1.953	0.505	3.778	13.97	23.23
55.608	1.943	0.505	3.778	13.97	23.23
55.680	1.835	0.510	3.778	13.97	23.23
55.752	1.722	0.501	3.774	13.97	23.23
55.825	1.821	0.496	3.774	13.97	23.23
55.897	1.825	0.501	3.774	13.97	23.23
55.969	1.786	0.501	3.778	17.69	23.23
56.042	1.870	0.491	3.774	17.69	23.23
56.114	1.929	0.491	3.778	17.69	23.02
56.189	1.879	0.510	3.778	17.69	23.02
56.262	1.958	0.501	3.783	17.69	23.02
56.335	1.982	0.501	3.778	17.69	23.02
56.407	1.904	0.496	3.774	17.69	23.02
56.479	1.914	0.510	3.783	0.00	22.36
56.552	1.953	0.501	3.778	0.00	22.36
56.624	1.904	0.501	3.783	0.00	22.36
56.696	1.924	0.496	3.778	0.00	22.36
56.768	1.870	0.505	3.778	8.80	22.82
56.841	2.027	0.510	3.783	8.80	22.82
56.912	2.174	0.501	3.778	71.43	22.82
56.985	2.282	0.501	3.778	88.24	22.82
57.058	2.179	0.505	3.778	85.23	22.82
57.129	2.238	0.501	3.783	85.23	22.36
57.205	2.223	0.501	3.783	76.53	22.36
57.278	2.110	0.505	3.783	78.95	22.36
57.351	1.875	0.510	3.828	81.52	22.36
57.422	1.801	0.505	3.823	83.33	22.36
57.495	1.875	0.525	3.788	83.33	22.95
57.568	2.007	0.515	3.813	78.95	22.95
57.639	2.125	0.520	3.774	79.79	22.95
57.712	2.193	0.515	3.788	78.95	22.95
57.785	2.189	0.510	3.847	78.95	22.62
57.857	2.277	0.510	3.788	80.65	22.62
57.929	2.203	0.501	3.793	80.65	22.62
58.002	2.100	0.515	3.842	80.65	22.62
58.074	2.056	0.510	3.828	80.65	22.62
58.149	1.919	0.510	3.813	63.03	22.68
58.222	1.899	0.510	3.842	63.03	22.68
58.294	1.904	0.510	3.793	63.03	22.68
58.366	1.938	0.515	3.621	29.30	22.68
58.439	1.978	0.515	3.778	29.30	22.68
58.511	1.933	0.505	3.808	29.30	22.55
58.584	1.948	0.505	3.818	29.30	22.55
58.656	1.978	0.525	3.828	29.07	22.55
58.728	2.012	0.515	3.837	29.07	22.55
58.801	2.036	0.501	3.862	29.07	22.55
58.873	2.012	0.515	3.803	29.07	22.36
58.945	2.002	0.530	3.803	29.07	22.36
59.018	1.992	0.515	3.828	18.75	22.36
59.090	1.968	0.510	3.842	18.75	22.36
59.166	1.997	0.501	3.774	18.75	22.36
59.238	2.017	0.491	3.774	18.75	22.23
59.311	1.997	0.501	3.778	18.75	22.23
59.383	2.017	0.501	3.778	18.75	22.23
59.455	2.032	0.496	3.778	18.75	22.23
59.528	1.982	0.501	3.778	14.97	21.85
59.599	1.992	0.496	3.774	14.97	21.85
59.672	1.938	0.505	3.778	14.97	21.85
59.745	1.889	0.510	3.774	14.97	21.85
59.816	1.948	0.510	3.778	14.97	21.85
59.889	1.919	0.501	3.778	14.97	21.67
59.962	1.924	0.496	3.783	14.97	21.67
60.034	1.963	0.501	3.778	0.00	21.67
60.125	1.963	0.496	3.778	0.00	21.67
60.197	1.948	0.496	3.778	0.00	21.67
60.269	1.968	0.505	3.778	0.00	20.05
60.342	1.958	0.501	3.778	0.00	20.05
60.413	1.982	0.515	3.778	0.00	20.05
60.486	1.953	0.501	3.778	0.00	20.05
60.558	1.958	0.505	3.783	0.00	20.05
60.637	1.948	0.505	3.778	0.00	20.05
60.709	1.978	0.505	3.778	0.00	18.30
60.781	1.987	0.501	3.778	0.00	18.30
60.854	1.929	0.505	3.778	0.00	18.30
60.925	1.929	0.496	3.778	0.00	18.30
60.998	2.002	0.501	3.783	0.00	18.30
61.070	1.948	0.505	3.778	0.00	18.30
61.146	1.938	0.505	3.778	0.00	18.30
61.217	1.963	0.515	3.778	0.00	16.06
61.290	1.992	0.496	3.783	0.00	16.06
61.362	1.929	0.501	3.778	0.00	16.06
61.434	1.924	0.505	3.783	0.00	16.06
61.506	1.884	0.505	3.778	0.00	16.06
61.579	1.884	0.501	3.778	0.00	16.06
61.651	1.850	0.505	3.778	0.00	16.06
61.723	1.825	0.505	3.778	0.00	16.06
61.796	1.639	0.501	3.783	0.00	13.66
61.868	1.781	0.501	3.783	0.00	13.66
61.940	1.796	0.505	3.783	0.00	13.66
62.012	1.708	0.505	3.783	0.00	13.66
62.085	1.639	0.505	3.783	0.00	13.66
62.159	1.845	0.496	3.783	2.87	13.66
62.232	1.948	0.505	3.778	2.87	13.66
62.305	1.948	0.501	3.778	2.87	13.66
62.376	2.081	0.491	3.783	30.86	12.95
62.449	2.100	0.501	3.778	30.86	12.95
62.521	2.090	0.505	3.783	30.86	12.95
62.594	2.066	0.501	3.778	40.11	12.95
62.666	2.086	0.505	3.778	40.11	12.95
62.738	2.090	0.515	3.783	40.11	12.95
62.811	2.086	0.501	3.783	41.90	12.95
62.883	2.115	0.501	3.783	41.90	12.95
62.955	2.140	0.505	3.783	41.21	12.95
63.028	2.164	0.501	3.783	41.21	11.58
63.104	2.061	0.496	3.778	44.91	11.58
63.175	1.801	0.496	3.783	44.91	11.58
63.248	1.423	0.501	3.793	44.91	11.58
63.321	1.163	0.525	3.725	46.01	11.58
63.392	1.114	0.525	3.602	46.01	11.58
63.465	1.291	0.535	3.886	44.91	11.58
63.537	1.472	0.697	3.842	44.91	11.58
63.609	1.536	0.520	3.700	44.12	11.58
63.682	1.919	0.535	3.636	44.12	12.89
63.754	2.046	0.530	3.494	50.00	12.89
63.826	2.076	0.535	3.950	50.00	12.89
63.899	2.095	0.535	3.872	53.57	12.89
63.971	2.090	0.574	3.680	53.57	12.89
64.044	2.105	0.540	3.832	50.34	12.89
64.119	2.164	0.530	3.778	50.34	12.89
64.191	2.164	0.535	3.774	50.68	14.50
64.264	2.213	0.535	3.886	50.68	14.50
64.335	2.032	0.535	3.862	53.19	14.50
64.408	1.708	0.545	3.774	53.19	14.50
64.481	1.261	0.530	3.612	54.35	14.50
64.552	1.030	0.540	3.774	54.35	14.50
64.625	1.183	0.530	3.886	53.96	14.50
64.698	1.394	0.540	3.940	53.96	15.15
64.770	1.649	0.525	3.945	52.08	15.15
64.842	1.968	0.525	3.823	52.08	15.15
64.914	2.110	0.530	3.891	55.97	15.15
64.987	2.071	0.535	3.764	55.97	15.15
65.062	2.066	0.530	3.602	58.59	15.15
65.134	2.086	0.515	3.857	58.59	15.15
65.207	2.105	0.525	3.617	56.39	16.00
65.280	2.130	0.525	3.828	56.82	16.00
65.351	2.154	0.535	3.808	56.82	16.00
65.424	1.953	0.520	3.582	60.48	16.00
65.496	1.634	0.520	3.582	60.48	16.00
65.568	1.354	0.535	3.774	61.48	16.00
65.641	1.320	0.535	3.808	60.98	17.05
65.713	1.330	0.520	3.916	60.98	17.05
65.785	1.605	0.515	3.808	60.98	17.05
65.857	1.973	0.535	3.749	60.98	17.05
65.930	2.095	0.520	3.558	62.50	17.05
66.018	2.076	0.535	3.867	65.22	17.05
66.094	2.066	0.535	3.823	65.22	17.92
66.165	2.125	0.520	3.617	64.66	17.92
66.238	2.159	0.520	3.798	64.10	17.92
66.310	2.135	0.525	3.823	64.10	17.92
66.382	1.943	0.515	3.842	66.37	17.92
66.455	1.467	0.525	3.808	67.57	18.74
66.527	1.261	0.510	3.558	67.57	18.74
66.599	1.281	0.520	3.621	67.57	18.74
66.671	1.605	0.520	3.626	67.57	18.74
66.744	1.938	0.510	3.612	67.57	18.74
66.817	2.135	0.515	3.788	70.09	18.74
66.888	2.090	0.525	3.852	72.12	19.69
66.961	2.081	0.515	3.754	72.12	19.69
67.037	2.149	0.520	3.832	70.75	19.69
67.108	2.105	0.525	3.862	70.75	19.69
67.181	2.105	0.510	3.778	70.75	19.69
67.254	1.924	0.530	3.798	72.12	20.26
67.325	1.600	0.510	3.558	72.12	20.26
67.398	1.408	0.530	3.803	72.12	20.26
67.470	1.526	0.515	3.793	73.53	20.26
67.543	1.840	0.520	3.788	72.82	20.26
67.615	2.076	0.520	3.872	73.53	20.85
67.687	2.130	0.520	3.823	73.53	20.85
67.760	2.090	0.520	3.842	75.00	20.85
67.831	2.120	0.530	3.793	74.26	20.85
67.904	2.125	0.520	3.793	74.26	20.85
67.976	2.081	0.505	3.798	74.26	21.02
68.051	2.027	0.530	3.793	74.26	21.02
68.124	1.786	0.530	3.793	74.26	21.02
68.196	1.614	0.515	3.754	74.26	21.02
68.269	1.624	0.505	3.774	76.53	21.02
68.341	1.889	0.510	3.695	75.00	21.43
68.413	2.061	0.515	3.813	75.76	21.43
68.486	2.115	0.515	3.828	75.76	21.43
68.557	2.076	0.520	3.837	75.76	21.43
68.630	2.081	0.520	3.788	76.53	21.43
68.703	2.100	0.520	3.852	76.53	21.67
68.774	2.120	0.515	3.764	77.32	21.67
68.847	2.061	0.515	3.582	78.12	21.67
68.919	1.835	0.501	3.533	76.53	21.67
68.995	1.678	0.515	3.837	76.53	21.67
69.067	1.806	0.520	3.813	78.95	22.10
69.139	1.948	0.520	3.778	76.53	22.10
69.212	2.090	0.520	3.803	77.32	22.10
69.283	2.144	0.530	3.788	77.32	22.10
69.356	2.110	0.525	3.837	79.79	22.10
69.429	2.169	0.515	3.769	78.12	22.17
69.500	2.135	0.520	3.803	78.95	22.17
69.573	2.105	0.520	3.798	78.12	22.17
69.645	1.938	0.520	3.798	78.12	22.17
69.718	1.727	0.510	3.847	78.95	22.17
69.790	1.703	0.520	3.803	79.79	22.49
69.862	1.811	0.515	3.788	79.79	22.49
69.935	2.036	0.520	3.788	79.79	22.49
70.009	2.125	0.510	3.818	78.12	22.49
70.082	2.120	0.501	3.778	80.65	22.62
70.154	2.149	0.515	3.769	80.65	22.62
70.226	2.149	0.510	3.803	80.65	22.62
70.298	2.130	0.525	3.783	79.79	22.62
70.371	2.027	0.515	3.828	79.79	22.62
70.443	1.771	0.515	3.828	78.95	22.82
70.515	1.649	0.515	3.808	81.52	22.82
70.587	1.742	0.515	3.798	81.52	22.82
70.660	1.963	0.505	3.592	78.95	22.82
70.731	2.120	0.520	3.509	78.95	22.82
70.804	2.140	0.520	3.793	81.52	22.75
70.877	2.189	0.510	3.798	81.52	22.75
70.963	2.189	0.515	3.518	82.42	22.75
71.034	2.149	0.530	3.788	79.79	22.75
71.107	2.032	0.510	3.788	79.79	22.95
71.179	1.771	0.510	3.705	78.95	22.95
71.251	1.659	0.515	3.788	78.95	22.95
71.324	1.742	0.515	3.793	79.79	22.95
71.396	1.938	0.520	3.788	80.65	22.95
71.469	2.086	0.520	3.867	76.53	22.68
71.556	2.198	0.515	3.661	77.32	22.68
71.627	2.115	0.520	3.842	77.32	22.68
71.700	2.228	0.515	3.788	75.76	22.68
71.772	2.189	0.510	3.783	80.65	22.68
71.844	2.066	0.520	3.798	85.23	22.17
71.917	1.762	0.505	3.823	85.23	22.17
71.992	1.717	0.515	3.739	84.27	22.17
72.065	1.781	0.515	3.754	83.33	22.17
72.137	1.948	0.525	3.847	80.65	23.58
72.210	2.090	0.510	3.725	78.95	23.58
72.282	2.115	0.525	3.832	78.95	23.58
72.354	2.120	0.525	3.778	80.65	23.58
72.427	2.144	0.515	3.813	80.65	23.58
72.500	2.159	0.505	3.489	79.79	22.68
72.571	2.110	0.515	3.872	79.79	22.68
72.650	1.919	0.520	3.793	79.79	22.68
72.723	1.727	0.510	3.803	78.12	22.68
72.796	1.698	0.530	3.793	81.52	22.68
72.867	1.870	0.515	3.798	80.65	22.75
72.943	2.061	0.520	3.788	80.65	22.75
73.016	2.164	0.525	3.788	79.79	22.75
73.089	2.135	0.520	3.823	79.79	22.75
73.161	2.198	0.510	3.813	78.12	22.55
73.233	2.169	0.520	3.793	78.12	22.55
73.306	2.135	0.525	3.548	78.12	22.55
73.378	2.012	0.515	3.577	78.95	22.55
73.451	1.737	0.515	3.582	78.12	22.55
73.524	1.683	0.515	3.793	80.65	22.42
73.595	1.791	0.520	3.793	80.65	22.42
73.668	1.997	0.515	3.788	78.95	22.42
73.741	2.135	0.515	3.808	78.12	22.42
73.814	2.149	0.520	3.788	80.65	22.42
73.885	2.144	0.520	3.837	80.65	22.68
73.961	2.179	0.525	3.837	80.65	22.68
74.034	2.159	0.515	3.553	78.95	22.68
74.106	2.081	0.520	3.793	78.95	22.68
74.179	1.889	0.525	3.788	78.95	22.62
74.251	1.722	0.515	3.803	78.95	22.62
74.323	1.791	0.515	3.823	80.65	22.62
74.396	1.968	0.520	3.793	78.95	22.62
74.469	2.071	0.520	3.769	79.79	22.62
74.549	2.144	0.510	3.837	79.79	22.68
74.621	2.144	0.520	3.798	80.65	22.68
74.694	2.189	0.520	3.793	78.95	22.68
74.767	2.169	0.510	3.729	78.95	22.68
74.839	2.100	0.525	3.818	80.65	22.68
74.914	1.924	0.515	3.808	80.65	22.62
74.987	1.639	0.505	3.572	78.95	22.62
75.060	1.713	0.515	3.788	80.65	22.62
75.132	1.870	0.510	3.572	79.79	22.62
75.204	2.036	0.505	3.803	79.79	22.82
75.277	2.154	0.520	3.832	80.65	22.82
75.350	2.169	0.520	3.832	80.65	22.82
75.422	2.179	0.505	3.769	80.65	22.82
75.494	2.174	0.515	3.798	79.79	22.82
75.567	2.120	0.510	3.744	79.79	22.75
75.639	2.041	0.510	3.882	78.95	22.75
75.712	1.909	0.515	3.783	78.12	22.75
75.784	1.816	0.520	3.587	80.65	22.75
75.856	1.870	0.525	3.793	80.65	22.75
75.927	2.007	0.515	3.882	79.79	22.62
75.999	2.115	0.515	3.788	78.95	22.62
76.071	2.140	0.520	3.813	79.79	22.62
76.144	2.164	0.510	3.783	79.79	22.62
76.217	2.193	0.515	3.837	80.65	22.62
76.289	2.140	0.510	3.494	78.95	22.55
76.361	2.081	0.510	3.832	78.95	22.55
76.434	1.889	0.520	3.857	78.95	22.55
76.507	1.722	0.510	3.793	78.95	22.55
76.578	1.717	0.515	3.808	81.52	22.68
76.651	1.929	0.505	3.764	79.79	22.68
76.724	2.076	0.520	3.793	78.95	22.68
76.796	2.140	0.520	3.808	78.95	22.68
76.872	2.149	0.505	3.818	80.65	22.68
76.944	2.179	0.510	3.582	80.65	22.75
77.017	2.135	0.520	3.788	78.95	22.75
77.089	2.095	0.520	3.592	78.95	22.75
77.162	1.963	0.510	3.769	78.95	22.75
77.234	1.757	0.520	3.837	78.12	22.75
77.306	1.727	0.520	3.793	80.65	22.49
77.379	1.870	0.520	3.793	79.79	22.49
77.451	2.032	0.510	3.788	79.79	22.49
77.523	2.179	0.510	3.813	78.95	22.49
77.612	2.164	0.510	3.769	80.65	22.82
77.685	2.174	0.510	3.788	80.65	22.82
77.758	2.140	0.505	3.783	78.95	22.82
77.834	2.100	0.520	3.803	78.95	22.82
77.905	2.007	0.515	3.783	78.95	22.82
77.978	1.806	0.510	3.828	78.95	22.62
78.051	1.757	0.515	3.793	80.65	22.62
78.123	1.870	0.515	3.803	80.65	22.62
78.195	2.032	0.515	3.842	78.95	22.62
78.268	2.135	0.510	3.793	78.95	22.62
78.341	2.120	0.525	3.828	79.79	22.62
78.412	2.120	0.530	3.862	80.65	22.62
78.485	2.120	0.510	3.798	80.65	22.62
78.558	2.130	0.515	3.823	78.95	22.62
78.630	2.046	0.520	3.842	78.95	22.55
78.702	1.850	0.510	3.793	78.95	22.55
78.775	1.698	0.515	3.823	78.95	22.55
78.851	1.796	0.520	3.793	80.65	22.55
78.923	1.968	0.515	3.567	79.79	22.55
78.996	2.105	0.510	3.788	78.95	22.75
79.068	2.115	0.510	3.828	78.95	22.75
79.140	2.081	0.515	3.729	79.79	22.75
79.213	2.149	0.515	3.793	79.79	22.75
79.285	2.159	0.515	3.842	78.95	22.75
79.357	2.105	0.515	3.813	78.12	22.49
79.430	1.982	0.505	3.813	78.12	22.49
79.503	1.786	0.520	3.798	78.12	22.49
79.575	1.762	0.520	3.788	80.65	22.49
79.647	1.875	0.520	3.803	78.95	22.49
79.720	2.027	0.505	3.783	78.95	22.49
79.796	2.159	0.515	3.798	78.12	22.49
79.868	2.100	0.520	3.788	78.95	22.49
79.940	2.135	0.510	3.788	79.79	22.49
80.013	2.164	0.515	3.764	79.79	22.36
80.086	2.125	0.515	3.793	78.95	22.36
80.157	2.061	0.515	3.803	78.95	22.36
80.230	1.855	0.515	3.617	77.32	22.36
80.303	1.654	0.515	3.818	77.32	22.36
80.375	1.732	0.525	3.793	78.95	22.36
80.447	1.953	0.520	3.803	78.12	22.36
80.520	2.100	0.501	3.744	78.95	22.36
80.592	2.135	0.520	3.803	78.95	22.36
80.679	2.135	0.525	3.788	79.79	22.36
80.752	2.198	0.520	3.872	78.95	22.42
80.828	2.149	0.510	3.828	78.95	22.42
80.901	2.086	0.515	3.523	78.95	22.42
80.972	1.879	0.515	3.808	78.95	22.42
81.045	1.595	0.520	3.803	78.12	22.49
81.118	1.590	0.515	3.788	79.79	22.49
81.189	1.889	0.510	3.803	78.95	22.49
81.262	2.051	0.520	3.788	77.32	22.49
81.335	2.135	0.510	3.553	77.32	22.49
81.406	2.100	0.515	3.582	78.95	22.23
81.479	2.169	0.515	3.813	77.32	22.23
81.552	2.198	0.520	3.837	77.32	22.23
81.625	2.135	0.515	3.793	77.32	22.23
81.696	2.032	0.515	3.823	76.53	22.23
81.772	1.713	0.505	3.798	76.53	22.04
81.845	1.546	0.515	3.818	78.12	22.04
81.917	1.683	0.510	3.612	78.12	22.04
81.989	1.953	0.520	3.793	76.53	22.04
82.062	2.144	0.525	3.837	76.53	22.04
82.135	2.159	0.515	3.798	78.12	21.92
82.207	2.115	0.525	3.813	78.12	21.92
82.279	2.174	0.515	3.857	76.53	21.92
82.352	2.164	0.525	3.783	76.53	21.92
82.424	2.110	0.515	3.813	76.53	21.92
82.496	1.933	0.515	3.828	76.53	21.85
82.569	1.634	0.520	3.837	75.76	21.85
82.641	1.492	0.525	3.852	76.53	21.85
82.714	1.737	0.530	3.852	76.53	21.85
82.789	1.997	0.510	3.788	75.76	21.85
82.862	2.169	0.515	3.803	76.53	21.67
82.934	2.125	0.515	3.572	77.32	21.67
83.006	2.140	0.510	3.818	77.32	21.67
83.079	2.198	0.520	3.798	75.76	21.67
83.151	2.174	0.515	3.828	75.00	21.67
83.224	2.100	0.520	3.788	76.53	21.55
83.296	1.924	0.520	3.803	76.53	21.55
83.368	1.659	0.505	3.656	75.00	21.55
83.441	1.629	0.510	3.813	77.32	21.55
83.513	1.835	0.510	3.788	75.00	21.55
83.586	2.017	0.520	3.788	75.00	21.67
83.674	2.149	0.515	3.882	75.00	21.67
83.749	2.125	0.520	3.597	75.76	21.67
83.822	2.159	0.515	3.793	75.00	21.67
83.894	2.179	0.520	3.788	75.00	21.20
83.966	2.140	0.515	3.769	73.53	21.20
84.039	2.071	0.515	3.523	73.53	21.20
84.111	1.850	0.530	3.832	73.53	21.20
84.184	1.590	0.510	3.803	73.53	21.20
84.256	1.624	0.525	3.828	76.53	21.20
84.328	1.821	0.520	3.788	73.53	21.14
84.401	1.992	0.520	3.563	73.53	21.14
84.480	2.135	0.520	3.798	72.82	21.14
84.552	2.090	0.515	3.572	72.12	21.14
84.624	2.144	0.515	3.793	72.12	21.14
84.697	2.228	0.515	3.896	72.12	20.58
84.772	2.193	0.515	3.729	71.43	20.58
84.844	2.140	0.520	3.793	72.12	20.58
84.917	1.938	0.530	3.818	72.12	20.58
84.989	1.664	0.515	3.798	70.75	20.58
85.061	1.644	0.525	3.832	70.75	20.36
85.134	1.717	0.520	3.803	70.75	20.36
85.207	1.933	0.510	3.778	70.09	20.36
85.278	2.086	0.530	3.798	70.09	20.36
85.351	2.149	0.520	3.631	70.09	20.36
85.424	2.169	0.515	3.602	69.44	19.89
85.495	2.198	0.530	3.798	69.44	19.89
85.568	2.223	0.530	3.823	69.44	19.89
85.641	2.174	0.525	3.759	68.18	19.89
85.716	2.135	0.520	3.587	67.57	19.89
85.788	2.007	0.525	3.798	67.57	19.89
85.861	1.845	0.515	3.626	66.37	19.35
85.934	1.796	0.530	3.872	67.57	19.35
86.005	1.850	0.520	3.783	67.57	19.35
86.078	1.963	0.515	3.906	65.79	19.35
86.151	2.032	0.510	3.572	65.79	19.35
86.223	2.100	0.530	3.867	65.22	18.78
86.295	2.110	0.525	3.563	65.79	18.78
86.368	2.135	0.530	3.852	65.79	18.78
86.440	2.159	0.520	3.832	64.66	18.78
86.512	2.154	0.525	3.808	64.66	18.78
86.585	2.164	0.515	3.783	64.66	18.78
86.658	2.086	0.530	3.759	63.03	18.25
86.922	1.688	0.520	3.872	62.50	18.25
87.169	2.125	0.525	3.808	61.98	17.67
87.259	2.130	0.520	3.607	61.98	17.67
87.336	2.159	0.520	3.852	61.98	17.67
87.415	2.203	0.525	3.813	61.98	17.67
87.495	2.184	0.530	3.798	61.48	17.67
87.574	2.144	0.535	3.651	61.48	17.55
87.654	1.997	0.535	3.921	61.48	17.55
87.734	1.781	0.520	3.631	59.52	17.55
87.813	1.786	0.520	3.597	59.52	17.55
87.891	1.860	0.535	3.813	60.48	17.55
87.972	1.894	0.525	3.823	59.06	17.55
88.051	2.032	0.525	3.621	59.06	17.05
88.135	2.110	0.525	3.592	59.52	17.05
88.215	2.130	0.525	3.612	59.52	17.05
88.295	2.140	0.520	3.788	59.52	17.05
88.374	2.184	0.525	3.783	58.14	17.05
88.454	2.218	0.520	3.651	58.14	16.72
88.534	2.203	0.535	3.808	59.52	16.72
88.612	2.095	0.535	3.896	59.06	16.72
88.692	1.830	0.530	3.671	59.06	16.72
88.772	1.477	0.530	3.867	58.14	16.72
88.851	1.492	0.530	3.783	58.14	16.72
88.931	1.487	0.515	3.651	59.52	16.79
89.011	1.742	0.530	3.842	59.52	16.79
89.090	2.012	0.520	3.837	59.52	16.79
89.168	2.110	0.530	3.936	59.06	16.79
89.253	2.115	0.525	3.813	63.56	16.79
89.333	2.174	0.520	3.734	63.56	16.79
89.426	2.169	0.520	3.788	64.10	17.55
89.506	2.140	0.520	3.808	62.50	17.55
89.587	2.095	0.515	3.832	63.03	17.55
89.665	1.845	0.515	3.514	63.03	17.55
89.745	1.560	0.530	3.793	60.48	17.55
89.826	1.453	0.510	3.803	63.03	17.67
89.904	1.448	0.515	3.788	63.03	17.67
89.984	1.821	0.515	3.582	63.56	17.67
90.063	2.061	0.520	3.808	63.56	17.67
90.142	2.086	0.520	3.828	63.56	17.67
90.222	2.095	0.520	3.872	65.79	18.38
90.306	2.125	0.510	3.808	65.79	18.38
90.394	2.144	0.520	3.607	65.79	18.38
90.472	2.169	0.525	3.808	63.56	18.38
90.552	2.076	0.525	3.798	63.56	18.38
90.632	1.968	0.510	3.808	63.56	18.38
90.711	1.909	0.530	3.872	63.56	18.25
90.790	1.899	0.510	3.862	66.96	18.25
90.870	1.938	0.515	3.499	65.79	18.25
90.949	2.036	0.520	3.823	65.79	18.25
91.029	2.105	0.525	3.778	64.66	18.25
91.109	2.090	0.510	3.769	64.66	18.65
91.188	2.105	0.515	3.651	64.66	18.65
91.268	2.120	0.535	3.774	64.10	18.65
91.347	2.125	0.525	3.813	64.66	18.65
91.431	2.115	0.520	3.523	64.66	18.65
91.510	1.840	0.515	3.744	64.66	18.30
91.590	1.497	0.520	3.793	65.79	18.30
91.670	1.345	0.525	3.813	65.79	18.30
91.749	1.467	0.525	3.813	66.37	18.30
91.829	1.801	0.515	3.842	65.22	18.30
91.909	2.086	0.510	3.567	67.57	18.92
91.987	2.105	0.525	3.832	67.57	18.92
92.066	2.095	0.520	3.783	69.44	18.92
92.147	2.120	0.515	3.592	68.81	18.92
92.225	2.154	0.510	3.847	68.81	18.92
92.305	2.169	0.510	3.592	68.81	19.59
92.386	1.889	0.525	3.567	70.75	19.59
92.470	1.403	0.520	3.798	71.43	19.59
92.549	1.266	0.510	3.572	71.43	19.59
92.628	1.521	0.515	3.867	71.43	19.59
92.708	1.914	0.515	3.818	70.75	20.26
92.786	2.120	0.510	3.793	72.12	20.26
92.881	2.105	0.525	3.788	74.26	20.26
92.961	2.159	0.520	3.818	74.26	20.26
93.040	2.213	0.520	3.921	74.26	20.85
93.120	2.169	0.510	3.847	72.82	20.85
93.200	2.056	0.515	3.769	72.82	20.85
93.279	1.840	0.510	3.808	72.82	20.85
93.359	1.703	0.520	3.769	72.82	20.85
93.438	1.791	0.510	3.646	75.00	20.91
93.516	1.968	0.510	3.484	72.82	20.91
93.601	2.105	0.520	3.798	73.53	20.91
93.688	2.179	0.520	3.842	75.00	20.91
93.768	2.193	0.520	3.896	75.76	20.91
93.847	2.208	0.520	3.828	75.76	21.08
93.927	2.164	0.510	3.793	75.00	21.08
94.007	2.076	0.515	3.852	74.26	21.08
94.086	1.875	0.510	3.798	73.53	21.08
94.166	1.717	0.515	3.842	73.53	21.31
94.245	1.771	0.515	3.793	75.76	21.31
94.323	1.953	0.510	3.793	74.26	21.31
94.403	2.086	0.515	3.783	74.26	21.31
94.484	2.179	0.520	3.852	75.76	21.31
94.562	2.208	0.515	3.818	75.76	21.31
94.647	2.213	0.515	3.847	75.76	21.31
94.727	2.154	0.520	3.862	75.00	21.31
94.807	2.036	0.510	3.832	75.00	21.31
94.884	1.767	0.525	3.759	74.26	21.37
94.964	1.585	0.515	3.828	74.26	21.37
95.045	1.659	0.505	3.793	76.53	21.37
95.123	1.943	0.520	3.803	75.76	21.37
95.203	2.100	0.510	3.832	76.53	21.37
95.284	2.135	0.515	3.577	76.53	21.67
95.362	2.169	0.525	3.788	77.32	21.67
95.441	2.198	0.515	3.783	77.32	21.67
95.522	2.144	0.520	3.607	76.53	21.67
95.600	2.032	0.510	3.567	77.32	21.85
95.680	1.776	0.515	3.774	75.76	21.85
95.758	1.722	0.515	3.847	78.12	21.85
95.837	1.860	0.505	3.793	78.12	21.85
95.917	2.022	0.520	3.774	77.32	21.85
95.997	2.110	0.520	3.788	78.12	22.04
96.075	2.144	0.505	3.671	76.53	22.04
96.155	2.154	0.520	3.842	77.32	22.04
96.250	2.228	0.520	3.543	77.32	22.04
96.328	2.105	0.520	3.808	77.32	21.98
96.408	2.012	0.505	3.798	75.00	21.98
96.489	1.806	0.525	3.778	68.81	21.98
96.567	1.639	0.515	3.808	69.44	21.98
96.647	1.727	0.520	3.783	69.44	21.92
96.728	1.963	0.515	3.803	69.44	21.92
96.812	2.095	0.510	3.828	69.44	21.92
96.890	2.086	0.515	3.592	70.75	21.92
96.969	2.115	0.501	3.847	70.75	21.92
97.100	2.130	0.515	3.793	70.75	22.10
97.173	2.115	0.510	3.788	70.75	22.10
97.245	1.968	0.510	3.793	70.09	22.10
97.317	1.683	0.515	3.847	70.75	22.10
97.389	1.536	0.520	3.788	70.75	22.49
97.462	1.590	0.525	3.857	73.53	22.49
97.534	1.850	0.515	3.813	72.12	22.49
97.606	2.051	0.505	3.523	72.12	22.49
97.679	2.110	0.501	3.626	71.43	22.95
97.751	2.100	0.501	3.828	72.82	22.95
97.832	2.130	0.515	3.788	72.82	22.95
97.905	2.130	0.520	3.813	72.82	22.95
97.977	2.125	0.510	3.489	74.26	22.95
98.050	2.027	0.505	3.783	75.76	23.37
98.121	1.742	0.505	3.558	74.26	23.37
98.194	1.531	0.515	3.523	74.26	23.37
98.267	1.511	0.515	3.793	75.00	23.37
98.338	1.835	0.515	3.793	74.26	23.58
98.411	2.061	0.515	3.798	74.26	23.58
98.483	2.159	0.510	3.528	75.00	23.58
98.555	2.090	0.505	3.798	76.53	23.58
98.628	2.130	0.520	3.783	76.53	23.58
98.700	2.144	0.510	3.553	76.53	23.80
98.772	2.135	0.520	3.852	73.53	23.80
98.847	2.046	0.520	3.788	74.26	23.80
98.920	1.767	0.515	3.783	73.53	23.80
98.993	1.556	0.510	3.631	73.53	23.58
99.064	1.502	0.515	3.818	77.32	23.58
99.137	1.796	0.510	3.636	75.00	23.58
99.209	2.051	0.515	3.803	75.00	23.58
99.281	2.149	0.510	3.823	74.26	23.58
99.354	2.110	0.515	3.788	75.76	23.87
99.426	2.135	0.510	3.567	75.76	23.87
99.499	2.159	0.520	3.582	75.76	23.87
99.570	2.140	0.520	3.808	75.00	23.87
99.643	2.056	0.520	3.896	74.26	23.65
99.716	1.796	0.510	3.783	74.26	23.65
99.790	1.585	0.515	3.577	73.53	23.65
99.863	1.634	0.515	3.577	76.53	23.65
99.935	1.884	0.505	3.778	75.76	23.65
100.007	2.041	0.510	3.769	75.76	23.80
100.080	2.130	0.501	3.528	73.53	23.80
100.167	2.086	0.510	3.783	74.26	23.80
100.239	2.130	0.510	3.828	75.00	23.80
100.312	2.169	0.510	3.769	75.00	23.51
100.384	2.130	0.515	3.783	75.76	23.51
100.456	2.061	0.505	3.847	75.00	23.51
100.529	1.938	0.525	3.788	72.82	23.51
100.601	1.801	0.510	3.803	72.82	23.51
100.673	1.850	0.520	3.808	76.53	23.65
100.746	1.943	0.515	3.842	75.00	23.65
100.822	2.036	0.510	3.798	75.00	23.65
100.893	2.120	0.510	3.783	75.00	23.65
100.966	2.090	0.520	3.769	75.00	23.72
101.038	2.115	0.510	3.798	75.00	23.72
101.110	2.130	0.515	3.832	75.00	23.72
101.183	2.100	0.525	3.788	76.53	23.72
101.255	2.076	0.505	3.798	75.00	23.72
101.327	1.958	0.515	3.783	73.53	23.87
101.399	1.840	0.515	3.828	73.53	23.87
101.472	1.830	0.520	3.828	76.53	23.87
101.544	1.948	0.510	3.778	75.00	23.87
101.616	2.061	0.515	3.774	76.53	23.87
101.689	2.169	0.501	3.538	76.53	23.87
101.765	2.115	0.525	3.783	75.76	23.87
101.836	2.159	0.510	3.788	76.53	23.87
101.909	2.203	0.520	3.783	76.53	23.87
101.982	2.144	0.510	3.533	75.76	23.94
102.053	2.071	0.520	3.744	75.00	23.94
102.126	1.924	0.510	3.808	74.26	23.94
102.198	1.811	0.505	3.798	74.26	23.94
102.270	1.835	0.510	3.778	76.53	23.94
102.343	1.968	0.505	3.798	76.53	23.94
102.415	2.061	0.510	3.837	75.76	23.94
102.488	2.120	0.505	3.783	75.76	23.94
102.559	2.120	0.515	3.823	77.32	23.94
102.632	2.149	0.510	3.725	76.53	24.09
102.708	2.149	0.505	3.617	76.53	24.09
102.779	2.115	0.510	3.749	76.53	24.09
102.852	2.066	0.505	3.783	76.53	24.09
102.924	1.879	0.515	3.842	76.53	24.32
102.996	1.791	0.515	3.798	78.12	24.32
103.068	1.845	0.515	3.793	78.12	24.32
103.156	2.012	0.505	3.808	77.32	24.32
103.229	2.110	0.510	3.793	76.53	24.47
103.301	2.130	0.520	3.818	78.12	24.47
103.374	2.149	0.510	3.759	78.12	24.47
103.446	2.179	0.505	3.793	78.12	24.47
103.519	2.140	0.515	3.778	78.12	24.47
103.590	2.100	0.515	3.808	78.12	24.55
103.666	1.929	0.510	3.798	78.12	24.55
103.739	1.786	0.510	3.778	77.32	24.55
103.811	1.786	0.525	3.778	78.95	24.55
103.883	1.919	0.505	3.783	78.12	24.79
103.955	2.036	0.515	3.759	78.12	24.79
104.028	2.115	0.515	3.788	78.12	24.79
104.100	2.110	0.510	3.808	78.95	24.79
104.172	2.174	0.515	3.823	78.95	24.63
104.245	2.179	0.505	3.469	78.12	24.63
104.316	2.110	0.515	3.818	78.12	24.63
104.389	2.051	0.505	3.808	78.12	24.63
104.462	1.899	0.510	3.774	77.32	24.63
104.534	1.830	0.510	3.764	79.79	24.87
104.609	1.860	0.501	3.788	79.79	24.87
104.682	1.987	0.515	3.813	78.95	24.87
104.755	2.105	0.501	3.572	77.32	24.87
104.826	2.120	0.505	3.749	78.95	24.87
104.899	2.154	0.505	3.803	78.95	24.87
104.972	2.208	0.515	3.813	78.95	24.87
105.044	2.149	0.520	3.788	78.95	24.87
105.117	2.090	0.520	3.808	78.12	24.87
105.190	1.978	0.505	3.788	78.12	24.87
105.262	1.811	0.510	3.774	76.53	24.87
105.334	1.781	0.515	3.798	80.65	24.87
105.407	1.914	0.505	3.803	78.12	24.79
105.480	2.051	0.510	3.793	78.12	24.79
105.555	2.144	0.510	3.788	78.95	24.79
105.628	2.154	0.515	3.788	78.95	24.79
105.700	2.198	0.510	3.788	78.95	24.79
105.773	2.184	0.510	3.563	79.79	24.87
105.845	2.125	0.510	3.788	79.79	24.87
105.918	2.041	0.510	3.847	78.12	24.87
105.991	1.845	0.520	3.818	77.32	24.87
106.062	1.713	0.505	3.774	80.65	24.95
106.135	1.811	0.501	3.813	80.65	24.95
106.208	1.997	0.510	3.818	79.79	24.95
106.280	2.130	0.515	3.774	78.95	24.95
106.353	2.154	0.496	3.504	80.65	25.27
106.426	2.184	0.515	3.774	80.65	25.27
106.502	2.213	0.515	3.778	80.65	25.27
106.573	2.149	0.505	3.793	79.79	25.27
106.646	2.081	0.505	3.832	78.95	25.19
106.719	1.884	0.505	3.788	78.95	25.19
106.791	1.717	0.515	3.754	78.95	25.19
106.864	1.791	0.510	3.567	80.65	25.19
106.937	1.958	0.505	3.788	78.95	25.19
107.009	2.076	0.505	3.788	79.79	25.19
107.081	2.140	0.501	3.783	79.79	25.19
107.154	2.130	0.515	3.788	80.65	25.19
107.227	2.184	0.520	3.754	79.79	25.19
107.299	2.174	0.510	3.788	79.79	25.19
107.371	2.105	0.515	3.793	79.79	25.19
107.444	1.992	0.515	3.563	79.79	25.19
107.514	1.825	0.520	3.823	78.12	25.19
107.587	1.762	0.510	3.847	81.52	25.27
107.659	1.889	0.515	3.778	78.95	25.27
107.731	2.032	0.501	3.798	78.95	25.27
107.804	2.149	0.510	3.788	79.79	25.27
107.877	2.140	0.510	3.798	79.79	25.19
107.950	2.154	0.510	3.832	80.65	25.19
108.021	2.189	0.510	3.788	80.65	25.19
108.094	2.125	0.510	3.798	79.79	25.19
108.167	2.027	0.520	3.808	78.12	25.19
108.239	1.752	0.505	3.788	78.95	25.11
108.312	1.551	0.515	3.823	81.52	25.11
108.384	1.688	0.510	3.563	81.52	25.11
108.460	1.938	0.505	3.798	78.95	25.11
108.532	2.095	0.510	3.803	79.79	25.27
108.605	2.140	0.510	3.798	80.65	25.27
108.678	2.164	0.505	3.803	80.65	25.27
108.750	2.213	0.505	3.778	80.65	25.27
108.822	2.174	0.501	3.788	80.65	25.35
108.910	2.076	0.520	3.788	79.79	25.35
108.983	1.801	0.520	3.828	79.79	25.35
109.054	1.639	0.505	3.778	79.79	25.35
109.127	1.742	0.510	3.813	80.65	25.35
109.200	1.958	0.510	3.764	80.65	25.35
109.273	2.105	0.501	3.803	81.52	25.35
109.345	2.135	0.501	3.783	80.65	25.35
109.421	2.159	0.510	3.808	80.65	25.52
109.493	2.203	0.505	3.808	81.52	25.52
109.565	2.149	0.515	3.788	80.65	25.52
109.638	2.086	0.501	3.798	79.79	25.52
109.711	1.963	0.505	3.867	79.79	25.52
109.783	1.771	0.515	3.803	76.53	25.52
109.861	1.796	0.510	3.788	84.27	25.52
109.934	1.968	0.525	3.783	78.95	25.52
110.007	2.071	0.501	3.808	80.65	25.52
110.080	2.130	0.520	3.793	80.65	25.35
110.151	2.130	0.501	3.803	80.65	25.35
110.224	2.169	0.505	3.803	80.65	25.35
110.297	2.154	0.505	3.778	80.65	25.35
110.372	2.120	0.510	3.788	79.79	25.35
110.445	2.007	0.520	3.857	79.79	25.35
110.517	1.786	0.515	3.788	78.12	25.35
110.589	1.776	0.520	3.788	81.52	25.35
110.662	1.914	0.510	3.788	79.79	25.27
110.735	2.061	0.515	3.788	79.79	25.27
110.808	2.135	0.525	3.602	80.65	25.27
110.879	2.144	0.505	3.793	80.65	25.27
110.952	2.193	0.505	3.788	80.65	25.35
111.025	2.179	0.510	3.778	80.65	25.35
111.097	2.115	0.515	3.808	80.65	25.35
111.169	2.036	0.515	3.778	78.95	25.35
111.242	1.840	0.505	3.769	78.12	25.35
111.318	1.781	0.505	3.798	82.42	25.35
111.390	1.870	0.510	3.793	82.42	25.35
111.463	2.032	0.510	3.582	79.79	25.35
111.535	2.144	0.505	3.788	79.79	25.35
111.607	2.125	0.515	3.832	80.65	25.35
111.680	2.179	0.510	3.808	81.52	25.35
111.753	2.198	0.515	3.798	81.52	25.35
111.825	2.144	0.510	3.793	79.79	25.35
111.897	2.086	0.515	3.808	79.79	25.35
111.970	1.870	0.505	3.788	78.95	25.35
112.043	1.786	0.510	3.837	78.95	25.35
112.115	1.816	0.505	3.788	81.52	25.35
112.187	1.982	0.501	3.793	79.79	25.35
112.263	2.095	0.515	3.769	79.79	25.35
112.335	2.130	0.515	3.612	80.65	25.35
112.408	2.144	0.515	3.818	80.65	25.35
112.481	2.233	0.505	3.788	81.52	25.35
112.552	2.164	0.520	3.788	79.79	25.35
112.625	2.086	0.505	3.808	78.95	25.35
112.698	1.894	0.510	3.538	78.95	25.35
112.771	1.668	0.515	3.783	78.95	25.27
112.842	1.688	0.505	3.749	81.52	25.27
112.915	1.894	0.515	3.808	80.65	25.27
112.988	2.066	0.505	3.808	78.95	25.27
113.060	2.159	0.501	3.754	78.95	25.27
113.132	2.149	0.510	3.803	80.65	25.35
113.208	2.203	0.505	3.818	82.42	25.35
113.281	2.159	0.510	3.783	79.79	25.35
113.353	2.100	0.496	3.641	79.79	25.35
113.426	1.973	0.510	3.832	80.65	25.52
113.498	1.747	0.510	3.783	79.79	25.52
113.570	1.668	0.520	3.774	81.52	25.52
113.643	1.845	0.505	3.798	80.65	25.52
113.716	2.051	0.515	3.705	80.65	25.60
113.788	2.174	0.515	3.818	81.52	25.60
113.860	2.135	0.515	3.778	82.42	25.60
113.933	2.184	0.510	3.783	80.65	25.60
114.006	2.189	0.515	3.607	82.42	25.77
114.078	2.135	0.515	3.778	82.42	25.77
114.154	2.002	0.505	3.783	83.33	25.77
114.226	1.771	0.510	3.783	81.52	25.77
114.298	1.673	0.515	3.774	84.27	26.21
114.371	1.860	0.501	3.783	84.27	26.21
114.444	2.036	0.510	3.783	84.27	26.21
114.515	2.159	0.505	3.558	84.27	26.21
114.588	2.135	0.496	3.788	80.65	26.66
114.669	2.223	0.505	3.783	88.24	26.66
114.742	2.154	0.515	3.793	83.33	26.66
114.813	2.105	0.510	3.783	82.42	26.66
114.886	1.987	0.505	3.783	82.42	26.39
114.959	1.845	0.505	3.818	81.52	26.39
115.032	1.825	0.515	3.788	86.21	26.39
115.103	1.933	0.510	3.778	83.33	26.39
115.179	2.041	0.510	3.778	83.33	26.48
115.252	2.125	0.510	3.783	83.33	26.48
115.324	2.140	0.520	3.813	85.23	26.48
115.396	2.198	0.515	3.788	84.27	26.48
115.469	2.159	0.520	3.783	83.33	26.39
115.542	2.110	0.515	3.759	83.33	26.39
115.614	2.022	0.505	3.803	83.33	26.39
115.686	1.919	0.505	3.769	81.52	26.39
115.759	1.855	0.505	3.788	84.27	26.39
115.831	1.948	0.501	3.582	83.33	26.39
115.904	2.071	0.510	3.778	84.27	26.39
115.976	2.144	0.505	3.759	84.27	26.39
116.048	2.149	0.505	3.617	84.27	26.48
116.124	2.208	0.515	3.788	84.27	26.48
116.197	2.130	0.510	3.788	83.33	26.48
116.270	2.095	0.496	3.778	81.52	26.48
116.341	1.987	0.515	3.769	80.65	26.12
116.414	1.865	0.510	3.788	80.65	26.12
116.487	1.830	0.510	3.778	84.27	26.12
116.559	1.968	0.501	3.818	82.42	26.12
116.631	2.086	0.501	3.793	82.42	26.21
116.704	2.169	0.505	3.852	83.33	26.21
116.776	2.164	0.505	3.749	83.33	26.21
116.849	2.198	0.496	3.778	84.27	26.21
116.921	2.120	0.515	3.759	83.33	26.21
116.994	2.081	0.515	3.813	82.42	26.21
117.069	1.933	0.505	3.788	80.65	26.21
117.142	1.821	0.510	3.788	80.65	26.21
117.214	1.825	0.505	3.783	83.33	26.21
117.286	1.982	0.510	3.749	83.33	26.12
117.359	2.105	0.510	3.852	82.42	26.12
117.432	2.154	0.510	3.803	83.33	26.12
117.504	2.179	0.510	3.808	83.33	26.12
117.576	2.208	0.505	3.783	83.33	26.12
117.649	2.149	0.510	3.769	83.33	26.12
117.722	2.076	0.505	3.744	81.52	26.12
117.793	1.909	0.505	3.778	79.79	26.12
117.866	1.776	0.510	3.788	79.79	25.95
117.939	1.796	0.510	3.783	82.42	25.95
118.014	1.953	0.501	3.778	81.52	25.95
118.086	2.086	0.515	3.793	83.33	25.95
118.159	2.184	0.510	3.808	82.42	26.12
118.232	2.164	0.510	3.808	82.42	26.12
118.304	2.193	0.505	3.798	86.21	26.12
118.376	2.140	0.510	3.788	82.42	26.12
118.449	2.090	0.515	3.788	81.52	26.21
118.521	1.958	0.505	3.783	78.12	26.21
118.594	1.825	0.505	3.778	78.12	26.21
118.666	1.801	0.505	3.783	84.27	26.21
118.738	1.948	0.505	3.842	82.42	25.77
118.811	2.081	0.505	3.798	81.52	25.77
118.884	2.174	0.505	3.798	81.52	25.77
118.959	2.174	0.505	3.489	80.65	25.77
119.031	2.218	0.505	3.798	81.52	25.60
119.104	2.189	0.505	3.788	81.52	25.60
119.177	2.090	0.496	3.793	80.65	25.60
119.248	1.938	0.496	3.788	80.65	25.60
119.321	1.796	0.515	3.778	79.79	25.60
119.394	1.786	0.520	3.803	81.52	25.60
119.467	1.938	0.510	3.813	80.65	25.60
119.538	2.071	0.515	3.783	79.79	25.60
119.611	2.169	0.515	3.788	79.79	25.60
119.684	2.164	0.510	3.788	81.52	25.52
119.756	2.208	0.501	3.803	80.65	25.52
119.828	2.189	0.510	3.793	80.65	25.52
119.904	2.110	0.510	3.749	80.65	25.52
119.976	2.007	0.525	3.788	80.65	25.44
120.048	1.811	0.510	3.798	78.12	25.44
120.121	1.722	0.515	3.788	81.52	25.44
120.194	1.855	0.505	3.788	79.79	25.44
120.266	2.017	0.515	3.813	79.79	25.27
120.338	2.140	0.510	3.813	78.95	25.27
120.411	2.169	0.515	3.744	77.32	25.27
120.499	2.154	0.510	3.798	76.53	25.27
120.622	2.169	0.515	3.793	76.53	24.24
120.694	2.081	0.510	3.793	78.95	24.24
120.767	1.943	0.515	3.793	78.95	24.24
120.839	1.668	0.515	3.828	75.76	24.24
120.914	1.698	0.510	3.788	78.95	24.55
120.987	1.879	0.505	3.788	77.32	24.55
121.059	2.051	0.510	3.504	77.32	24.55
121.132	2.149	0.510	3.808	77.32	24.55
121.204	2.130	0.505	3.783	78.95	24.63
121.277	2.174	0.501	3.877	78.12	24.63
121.349	2.203	0.505	3.803	78.12	24.63
121.421	2.140	0.510	3.808	78.12	24.63
121.494	2.032	0.515	3.823	77.32	24.63
121.566	1.796	0.510	3.813	76.53	24.63
121.638	1.683	0.515	3.803	78.95	24.63
121.711	1.781	0.510	3.813	78.95	24.63
121.790	1.978	0.505	3.813	77.32	24.63
121.865	2.115	0.505	3.479	78.12	24.71
121.937	2.125	0.505	3.734	78.95	24.71
122.010	2.149	0.505	3.778	78.95	24.71
122.082	2.179	0.520	3.788	78.95	24.71
122.155	2.140	0.505	3.774	77.32	24.63
122.227	2.095	0.510	3.828	77.32	24.63
122.299	1.948	0.515	3.548	77.32	24.63
122.372	1.762	0.501	3.749	77.32	24.63
122.444	1.762	0.515	3.808	78.95	24.63
122.517	1.909	0.515	3.783	78.12	24.63
122.589	2.051	0.515	3.828	78.12	24.63
122.661	2.135	0.520	3.832	77.32	24.63
122.734	2.120	0.505	3.783	79.79	24.63
122.806	2.110	0.501	3.793	78.95	24.71
122.882	2.120	0.520	3.798	78.95	24.71
122.954	2.100	0.510	3.798	78.95	24.71
123.027	2.046	0.505	3.749	78.12	24.71
123.099	1.830	0.515	3.793	77.32	24.95
123.171	1.693	0.510	3.793	80.65	24.95
123.244	1.742	0.515	3.778	80.65	24.95
123.316	1.948	0.510	3.744	78.95	24.95
123.388	2.105	0.505	3.852	78.95	25.11
123.461	2.135	0.505	3.808	79.79	25.11
123.533	2.154	0.501	3.808	79.79	25.11
123.606	2.193	0.510	3.808	79.79	25.11
123.678	2.144	0.515	3.798	78.95	25.11
123.750	2.100	0.510	3.793	78.95	24.95
123.826	1.948	0.515	3.813	78.95	24.95
123.898	1.811	0.501	3.803	78.95	24.95
123.971	1.786	0.505	3.798	79.79	24.95
124.043	1.924	0.510	3.739	78.95	25.19
124.115	2.046	0.520	3.788	79.79	25.19
124.188	2.149	0.501	3.793	79.79	25.19
124.260	2.140	0.515	3.818	79.79	25.19
124.333	2.203	0.510	3.783	79.79	25.03
124.405	2.174	0.505	3.739	78.95	25.03
124.478	2.125	0.510	3.813	78.95	25.03
124.550	2.041	0.510	3.788	78.95	25.03
124.622	1.875	0.501	3.778	77.32	25.03
124.695	1.757	0.515	3.808	80.65	25.03
124.770	1.850	0.496	3.783	80.65	25.03
124.843	2.022	0.520	3.783	78.95	25.03
124.915	2.115	0.520	3.803	78.95	25.03
124.987	2.154	0.510	3.783	79.79	25.03
125.060	2.169	0.510	3.793	80.65	25.03
125.132	2.193	0.515	3.783	80.65	25.03
125.205	2.154	0.515	3.778	78.95	25.03
125.277	2.095	0.510	3.788	78.95	25.19
125.349	1.982	0.505	3.788	77.32	25.19
125.422	1.830	0.515	3.788	77.32	25.19
125.494	1.821	0.515	3.778	80.65	25.19
125.566	1.958	0.515	3.783	78.95	25.03
125.639	2.071	0.501	3.764	78.95	25.03
125.714	2.159	0.520	3.793	78.95	25.03
125.787	2.149	0.515	3.788	78.95	25.03
125.859	2.189	0.510	3.798	79.79	24.87
125.931	2.193	0.505	3.793	79.79	24.87
126.004	2.100	0.505	3.783	79.79	24.87
126.076	1.973	0.510	3.783	78.95	24.87
126.148	1.821	0.505	3.788	76.53	24.87
126.221	1.732	0.510	3.783	77.32	24.71
126.302	1.855	0.515	3.680	78.95	24.71
126.373	2.002	0.515	3.803	78.95	24.71
126.446	2.164	0.505	3.788	79.79	24.71
126.519	2.159	0.515	3.778	78.95	25.03
126.590	2.179	0.510	3.808	78.95	25.03
126.666	2.193	0.515	3.798	78.95	25.03
126.739	2.140	0.510	3.774	78.95	25.03
126.812	2.066	0.505	3.720	77.32	24.79
126.883	1.875	0.520	3.783	77.32	24.79
126.956	1.796	0.525	3.783	77.32	24.79
127.029	1.816	0.520	3.783	79.79	24.79
127.100	1.958	0.515	3.823	78.12	24.79
127.173	2.076	0.510	3.798	78.12	24.87
127.245	2.174	0.505	3.808	78.12	24.87
127.318	2.159	0.510	3.778	78.95	24.87
127.390	2.193	0.510	3.783	78.95	24.87
127.462	2.174	0.510	3.788	78.95	24.71
127.535	2.120	0.510	3.783	78.95	24.71
127.610	2.002	0.515	3.813	78.95	24.71
127.683	1.825	0.505	3.823	75.76	24.71
127.756	1.762	0.525	3.793	80.65	24.87
127.828	1.879	0.505	3.793	78.12	24.87
127.901	2.012	0.520	3.803	78.12	24.87
127.973	2.125	0.505	3.504	78.12	24.87
128.046	2.169	0.525	3.793	78.95	24.79
128.118	2.174	0.515	3.808	78.95	24.79
128.190	2.213	0.515	3.783	78.95	24.79
128.263	2.149	0.501	3.783	78.12	24.79
128.335	2.071	0.515	3.813	77.32	24.79
128.407	1.978	0.505	3.715	76.53	24.71
128.480	1.850	0.525	3.783	76.53	24.71
128.556	1.850	0.510	3.793	79.79	24.71
128.627	1.978	0.505	3.621	77.32	24.71
128.700	2.066	0.505	3.783	78.12	24.71
128.773	2.154	0.510	3.788	78.12	24.71
128.844	2.144	0.510	3.798	78.95	24.71
128.917	2.189	0.515	3.837	78.95	24.71
128.990	2.189	0.505	3.852	78.12	24.71
129.061	2.120	0.510	3.793	78.12	24.71
129.134	2.022	0.510	3.759	78.12	24.71
129.207	1.879	0.496	3.832	75.76	24.71
129.278	1.816	0.505	3.695	79.79	24.71
129.351	1.879	0.515	3.749	79.79	24.71
129.424	2.022	0.501	3.823	78.95	24.71
129.500	2.110	0.520	3.793	78.12	24.71
129.571	2.164	0.515	3.798	78.12	24.71
129.644	2.193	0.505	3.793	78.12	24.71
129.717	2.203	0.505	3.793	78.95	24.71
129.788	2.169	0.520	3.729	78.12	24.71
129.861	2.081	0.520	3.783	78.12	24.71
129.933	1.948	0.505	3.533	78.12	24.71
130.006	1.796	0.505	3.783	76.53	24.71
130.078	1.791	0.505	3.872	78.95	24.71
130.150	1.938	0.515	3.788	77.32	24.71
130.223	2.041	0.510	3.813	77.32	24.71
130.295	2.140	0.501	3.793	77.32	24.55
130.368	2.179	0.510	3.783	78.12	24.55
130.440	2.189	0.515	3.563	77.32	24.55
130.515	2.179	0.510	3.769	78.12	24.55
130.588	2.159	0.520	3.793	78.12	24.47
130.660	2.071	0.505	3.793	76.53	24.47
130.733	1.982	0.515	3.788	76.53	24.47
130.805	1.933	0.520	3.783	56.39	24.47
130.877	1.958	0.515	3.798	56.39	24.47
130.950	1.958	0.520	3.788	56.39	24.40
131.021	1.963	0.515	3.847	56.39	24.40
131.094	1.963	0.510	3.793	25.68	24.40
131.167	1.948	0.515	3.558	25.68	24.40
131.238	1.948	0.515	3.788	40.98	24.17
131.311	2.022	0.520	3.798	40.98	24.17
131.384	2.105	0.525	3.813	60.98	24.17
131.459	2.198	0.515	3.803	80.65	24.17
131.531	2.198	0.510	3.528	86.21	23.94
131.604	2.189	0.515	3.818	86.21	23.94
131.676	2.189	0.510	3.813	83.33	23.94
131.748	2.066	0.510	3.778	83.33	23.94
131.821	1.821	0.501	3.837	83.33	23.94
131.893	1.668	0.505	3.818	86.21	23.87
131.965	1.840	0.510	3.837	86.21	23.87
132.038	2.036	0.510	3.783	83.33	23.87
132.118	2.135	0.515	3.842	81.52	23.87
132.191	2.051	0.505	3.783	81.52	23.94
132.262	1.973	0.501	3.808	40.54	23.94
132.335	1.845	0.496	3.862	40.54	23.94
132.411	1.786	0.505	3.764	40.54	23.94
132.483	1.821	0.510	3.793	40.54	23.94
132.555	1.835	0.520	3.778	40.54	24.24
132.628	1.816	0.515	3.798	40.54	24.24
132.700	1.835	0.515	3.788	40.54	24.24
132.772	1.855	0.515	3.778	0.00	24.24
132.844	1.845	0.501	3.778	0.00	23.94
132.917	1.835	0.510	3.778	0.00	23.94
132.989	1.845	0.505	3.778	0.00	23.94
133.061	1.840	0.491	3.778	0.00	23.94
133.133	1.835	0.501	3.778	0.00	23.94
133.206	1.845	0.501	3.774	0.00	22.82
133.278	1.865	0.501	3.778	0.00	22.82
133.353	1.924	0.496	3.778	6.90	22.82
133.426	2.017	0.505	3.778	6.90	22.82
133.497	2.081	0.505	3.778	52.45	22.82
133.570	2.174	0.505	3.778	79.79	21.98
133.642	2.184	0.501	3.783	79.79	21.98
133.714	2.213	0.496	3.774	78.95	21.98
133.786	2.174	0.505	3.778	78.12	21.98
133.859	2.110	0.505	3.778	77.32	21.98
133.931	1.850	0.491	3.783	77.32	22.23
134.009	1.560	0.505	3.783	79.79	22.23
134.081	1.472	0.510	3.793	81.52	22.23
134.154	1.835	0.515	3.671	75.76	22.23
134.226	2.051	0.520	3.808	75.76	22.17
134.312	2.120	0.530	3.862	72.82	22.17
134.384	2.149	0.515	3.582	75.76	22.17
134.457	2.198	0.505	3.774	77.32	22.17
134.530	2.164	0.520	3.778	77.32	22.17
134.601	2.135	0.520	3.813	76.53	21.49
134.674	2.061	0.515	3.572	72.12	21.49
134.747	1.610	0.510	3.788	77.32	21.49
134.818	1.546	0.510	3.764	77.32	21.49
134.891	1.610	0.510	3.798	78.12	21.49
134.963	1.825	0.515	3.793	77.32	21.79
135.035	2.066	0.510	3.793	73.53	21.79
135.108	2.174	0.515	3.857	73.53	21.79
135.180	2.247	0.515	3.749	78.95	21.79
135.256	2.238	0.515	3.857	78.95	21.79
135.328	2.208	0.510	3.710	78.12	21.92
135.401	2.164	0.520	3.882	78.12	21.92
135.473	1.933	0.510	3.494	78.12	21.92
135.545	1.703	0.510	3.543	77.32	21.92
135.618	1.585	0.501	3.778	79.79	21.92
135.691	1.786	0.510	3.798	79.79	22.36
135.763	2.027	0.510	3.803	81.52	22.36
135.836	2.125	0.520	3.808	79.79	22.36
135.908	2.120	0.510	3.803	78.95	22.36
135.981	2.228	0.520	3.813	78.95	22.75
136.053	2.193	0.520	3.769	80.65	22.75
136.126	2.159	0.515	3.862	79.79	22.75
136.214	1.948	0.505	3.764	75.00	22.75
136.290	1.757	0.520	3.862	78.95	22.75
136.363	1.575	0.515	3.798	82.42	22.36
136.435	1.786	0.525	3.798	82.42	22.36
136.508	2.017	0.520	3.808	76.53	22.36
136.581	2.071	0.520	3.788	74.26	22.36
136.652	2.105	0.520	3.769	74.26	22.36
136.725	2.179	0.515	3.803	80.65	22.17
136.798	2.208	0.505	3.739	78.12	22.17
136.870	2.154	0.515	3.857	75.00	22.17
136.942	2.164	0.505	3.631	75.00	22.17
137.015	1.978	0.510	3.538	75.00	22.17
137.088	1.639	0.515	3.852	77.32	21.73
137.160	1.673	0.530	3.798	77.32	21.73
137.236	1.865	0.505	3.769	77.32	21.73
137.309	1.992	0.520	3.852	75.00	21.73
137.380	2.086	0.520	3.538	74.26	21.73
137.453	2.081	0.515	3.587	73.53	21.43
137.526	2.149	0.520	3.823	73.53	21.43
137.598	2.213	0.505	3.798	76.53	21.43
137.671	2.223	0.510	3.798	75.00	21.43
137.744	2.149	0.520	3.823	75.00	21.43
137.816	2.105	0.515	3.661	68.18	21.20
137.888	2.090	0.510	3.857	68.18	21.20
137.961	2.208	0.515	3.783	68.18	21.20
138.034	2.272	0.510	3.778	68.18	21.20
138.106	2.252	0.501	3.778	68.18	21.20
138.182	2.223	0.501	3.778	68.18	21.49
138.254	2.159	0.501	3.774	68.18	21.49
138.327	2.164	0.505	3.778	0.00	21.49
138.399	2.228	0.510	3.778	0.00	21.49
138.472	2.247	0.496	3.778	0.00	21.49
138.544	2.223	0.501	3.778	0.00	21.02
138.616	2.193	0.501	3.783	0.00	21.02
138.689	2.095	0.505	3.778	8.42	21.02
138.761	1.840	0.501	3.778	8.42	21.02
138.833	1.816	0.501	3.778	61.98	21.02
138.906	1.796	0.505	3.778	71.43	20.58
138.979	1.879	0.505	3.783	72.82	20.58
139.052	2.046	0.505	3.778	72.82	20.58
139.127	2.208	0.505	3.783	71.43	20.58
139.207	2.184	0.496	3.783	75.00	20.58
139.280	2.223	0.501	3.783	75.76	20.85
139.353	2.184	0.520	3.793	75.76	20.85
139.425	2.159	0.520	3.867	75.00	20.85
139.498	2.115	0.515	3.803	72.82	20.85
139.570	1.914	0.520	3.548	72.82	20.85
139.642	1.649	0.515	3.720	74.26	21.14
139.715	1.703	0.510	3.464	73.53	21.14
139.788	1.845	0.530	3.793	73.53	21.14
139.860	2.012	0.515	3.769	72.82	21.14
139.932	2.144	0.515	3.862	73.53	21.14
140.005	2.193	0.505	3.832	75.00	20.97
140.081	2.208	0.525	3.793	75.00	20.97
140.153	2.247	0.520	3.882	75.00	20.97
140.226	2.233	0.510	3.577	74.26	20.97
140.298	2.125	0.515	3.788	73.53	20.97
140.370	1.997	0.515	3.862	73.53	21.08
140.443	1.717	0.525	3.818	72.12	21.08
140.516	1.771	0.525	3.882	75.00	21.08
140.589	1.845	0.520	3.739	75.00	21.08
140.660	1.997	0.505	3.671	73.53	21.08
140.733	2.095	0.530	3.764	69.44	21.02
140.806	2.095	0.520	3.886	69.44	21.02
140.878	2.036	0.525	3.857	69.44	21.02
140.951	1.914	0.535	3.793	38.86	21.02
141.026	1.948	0.520	3.842	38.86	21.02
141.099	1.938	0.515	3.788	38.86	20.91
141.171	1.914	0.501	3.774	38.86	20.91
141.244	1.953	0.510	3.774	38.86	20.91
141.317	1.929	0.501	3.778	38.86	20.91
141.388	1.929	0.510	3.778	38.86	20.91
141.461	1.914	0.501	3.778	0.00	20.91
141.534	1.938	0.496	3.774	0.00	19.54
141.606	1.958	0.491	3.774	0.00	19.54
141.678	1.943	0.501	3.774	0.00	19.54
141.751	1.968	0.501	3.778	0.00	19.54
141.824	1.953	0.505	3.778	0.00	19.54
141.895	1.914	0.505	3.778	0.00	19.54
141.968	1.914	0.496	3.778	0.00	16.94
142.044	1.904	0.510	3.774	0.00	16.94
142.115	1.909	0.501	3.778	0.00	16.94
142.188	1.850	0.505	3.778	0.00	16.94
142.275	1.894	0.510	3.778	0.00	16.94
142.348	1.899	0.501	3.778	0.00	16.94
142.420	1.982	0.496	3.778	0.00	16.94
142.492	2.076	0.501	3.778	4.80	15.18
142.565	2.090	0.501	3.778	4.80	15.18
142.638	2.140	0.505	3.778	64.10	15.18
142.710	2.115	0.501	3.778	64.10	15.18
142.782	2.154	0.496	3.778	53.96	15.18
142.855	2.233	0.496	3.778	53.96	15.18
142.927	2.198	0.501	3.783	53.96	15.18
143.003	2.100	0.510	3.778	53.96	15.24
143.076	1.929	0.515	3.788	53.96	15.24
143.148	1.639	0.515	3.734	54.35	15.24
143.220	1.384	0.510	3.837	54.35	15.24
143.293	1.521	0.525	3.553	56.82	15.24
143.366	1.575	0.520	3.621	56.82	15.24
143.438	1.786	0.520	3.828	55.97	15.24
143.510	1.987	0.530	3.891	55.97	15.77
143.583	2.086	0.520	3.852	51.02	15.77
143.655	2.095	0.530	3.886	51.02	15.77
143.728	2.144	0.540	3.837	57.25	15.77
143.801	2.144	0.540	3.985	57.25	15.77
143.873	2.184	0.530	3.828	55.56	15.77
143.948	2.169	0.525	3.778	55.56	15.52
144.021	2.179	0.520	3.852	55.56	15.52
144.094	2.061	0.530	3.886	55.56	15.52
144.166	1.943	0.520	3.828	55.56	15.52
144.238	1.703	0.530	3.808	56.39	15.52
144.311	1.639	0.520	3.886	56.39	15.52
144.384	1.654	0.520	3.823	60.00	15.52
144.456	1.708	0.510	3.636	60.00	16.30
144.529	1.899	0.530	3.852	56.82	16.30
144.601	2.032	0.535	3.872	56.82	16.30
144.673	2.149	0.510	3.852	56.39	16.30
144.746	2.125	0.525	3.906	60.00	16.30
144.819	2.164	0.520	3.813	60.00	16.30
144.893	2.169	0.535	3.813	56.82	16.37
144.966	2.179	0.520	3.896	56.82	16.37
145.039	2.198	0.520	3.867	59.06	16.37
145.112	2.120	0.525	3.612	59.06	16.37
145.183	1.992	0.520	3.842	60.48	16.37
145.272	1.644	0.530	3.901	58.14	16.37
145.344	1.752	0.515	3.818	58.14	16.37
145.417	1.757	0.545	3.666	61.48	17.01
145.489	1.875	0.530	3.886	61.48	17.01
145.562	2.022	0.520	3.867	59.06	17.01
145.634	2.115	0.520	3.494	60.98	17.01
145.713	2.135	0.520	3.464	60.98	17.01
145.785	2.110	0.520	3.553	63.56	17.01
145.861	2.169	0.510	3.577	62.50	17.43
145.934	2.218	0.525	3.474	62.50	17.43
146.006	2.203	0.515	3.808	60.98	17.43
146.078	2.140	0.520	3.783	60.98	17.43
146.151	1.982	0.515	3.725	62.50	17.43
146.223	1.771	0.515	3.528	65.22	17.43
146.295	1.614	0.530	3.837	65.22	17.96
146.368	1.668	0.525	3.494	64.10	17.96
146.441	1.816	0.510	3.597	64.10	17.96
146.513	1.987	0.520	3.808	63.56	17.96
146.585	2.100	0.525	3.842	59.52	17.96
146.658	2.110	0.510	3.813	59.52	18.08
146.731	2.007	0.515	3.832	59.52	18.08
146.802	1.879	0.520	3.671	35.71	18.08
146.878	1.884	0.501	3.774	35.71	18.08
146.951	2.007	0.496	3.774	35.71	18.08
147.023	2.051	0.505	3.774	35.71	18.08
147.096	2.032	0.510	3.774	35.71	18.47
147.168	1.973	0.510	3.774	35.71	18.47
147.240	1.909	0.501	3.774	35.71	18.47
147.313	1.973	0.496	3.774	0.00	18.47
147.385	2.012	0.505	3.774	0.00	18.47
147.458	2.007	0.505	3.778	0.00	18.47
147.530	2.046	0.501	3.774	0.00	18.56
147.602	2.051	0.505	3.778	0.00	18.56
147.675	2.002	0.501	3.778	0.00	18.56
147.747	2.022	0.496	3.778	0.00	18.56
147.822	2.032	0.505	3.778	0.00	18.56
147.895	2.022	0.510	3.778	0.00	18.56
147.968	1.997	0.510	3.774	0.00	17.51
148.039	1.992	0.491	3.778	0.00	17.51
148.112	1.978	0.496	3.778	0.00	17.51
148.185	1.997	0.505	3.774	0.00	17.51
148.256	2.046	0.496	3.778	0.00	17.51
148.343	2.046	0.496	3.774	0.00	17.51
148.416	2.140	0.501	3.774	4.68	16.26
148.489	2.120	0.505	3.778	4.68	16.26
148.560	2.144	0.505	3.783	56.39	16.26
148.633	2.189	0.501	3.778	56.39	16.26
148.706	2.203	0.501	3.778	57.69	16.26
148.782	2.169	0.505	3.778	58.14	16.26
148.853	2.174	0.505	3.778	58.14	16.26
148.926	2.149	0.510	3.783	55.97	16.23
148.999	1.889	0.505	3.778	55.97	16.23
149.071	1.634	0.515	3.788	56.39	16.23
149.143	1.614	0.510	3.793	56.39	16.23
149.216	1.683	0.515	3.656	59.06	16.23
149.288	1.781	0.510	3.646	59.06	16.23
149.361	1.894	0.530	3.661	57.25	16.23
149.433	2.007	0.530	3.710	57.25	16.33
149.506	2.081	0.530	3.764	56.39	16.33
149.578	2.154	0.520	3.808	57.25	16.33
149.650	2.135	0.535	3.882	57.25	16.33
149.726	2.169	0.515	3.793	57.25	16.33
149.798	2.193	0.520	3.582	57.25	16.33
149.871	2.179	0.545	3.832	56.39	16.10
149.944	2.135	0.520	3.656	56.39	16.10
150.016	1.894	0.535	3.803	55.56	16.10
150.088	1.781	0.535	3.636	55.56	16.10
150.161	1.423	0.540	3.671	58.14	16.10
150.233	1.560	0.535	3.857	56.39	16.10
150.305	1.605	0.510	3.636	56.39	16.10
150.378	1.747	0.525	3.769	56.39	16.10
150.451	2.017	0.515	3.886	56.39	16.10
150.522	2.135	0.515	3.847	58.59	16.10
150.595	2.149	0.545	3.852	58.59	16.10
150.668	2.179	0.520	3.886	59.06	16.10
150.744	2.193	0.525	3.896	58.14	16.10
150.815	2.208	0.525	3.891	58.14	16.65
150.888	2.184	0.530	3.896	57.69	16.65
150.961	2.179	0.515	3.847	57.69	16.65
151.032	2.076	0.510	3.597	54.74	16.65
151.105	1.776	0.530	3.783	54.74	16.65
151.178	1.683	0.520	3.774	55.56	16.65
151.250	1.634	0.520	3.744	55.56	16.65
151.339	1.649	0.535	3.700	59.06	16.03
151.410	1.791	0.530	3.916	55.15	16.03
151.483	1.929	0.520	3.504	55.15	16.03
151.556	2.095	0.535	3.891	55.56	16.03
151.628	2.115	0.525	3.867	55.56	16.03
151.703	2.115	0.520	3.602	58.14	16.03
151.776	2.140	0.525	3.798	58.14	16.06
151.848	2.140	0.525	3.774	56.82	16.06
151.921	2.174	0.515	3.666	56.82	16.06
151.993	2.174	0.530	3.877	55.97	16.06
152.067	2.159	0.530	3.631	55.97	16.06
152.138	2.051	0.525	3.626	55.15	16.06
152.211	1.840	0.530	3.597	57.25	16.06
152.284	1.580	0.530	3.700	57.25	16.13
152.356	1.551	0.540	3.960	60.00	16.13
152.428	1.722	0.530	3.867	60.00	16.13
152.501	1.899	0.510	3.823	53.96	16.13
152.573	2.041	0.530	3.759	53.96	16.13
152.649	2.140	0.525	3.813	55.97	16.13
152.721	2.159	0.520	3.877	55.97	16.23
152.794	2.125	0.530	3.587	60.00	16.23
152.866	2.130	0.530	3.793	59.06	16.23
152.938	2.135	0.530	3.852	59.06	16.23
153.011	2.130	0.530	3.607	56.39	16.23
153.083	2.154	0.515	3.803	56.39	16.23
153.156	2.002	0.520	3.960	55.97	16.23
153.228	1.732	0.520	3.931	55.97	16.44
153.300	1.732	0.520	3.877	60.00	16.44
153.373	1.585	0.530	3.960	61.98	16.44
153.446	1.703	0.520	3.774	61.98	16.44
153.518	1.855	0.530	3.744	57.69	16.44
153.593	2.007	0.535	3.857	57.69	16.44
153.666	2.105	0.535	3.828	56.82	16.79
153.738	2.090	0.540	3.837	56.82	16.79
153.810	2.135	0.520	3.867	60.48	16.79
153.883	2.189	0.520	3.842	59.52	16.79
153.955	2.169	0.525	3.818	59.52	16.79
154.028	2.169	0.520	3.607	59.52	16.79
154.100	2.159	0.525	3.832	59.52	16.79
154.173	2.066	0.530	3.808	58.59	16.94
154.245	1.835	0.520	3.607	58.59	16.94
154.317	1.605	0.515	3.734	64.10	16.94
154.404	1.546	0.530	3.832	62.50	16.94
154.477	1.801	0.520	3.656	62.50	16.94
154.553	1.968	0.530	3.626	56.82	16.94
154.625	2.100	0.540	3.803	56.82	17.20
154.697	2.149	0.520	3.803	59.52	17.20
154.770	2.125	0.525	3.857	62.50	17.20
154.842	2.144	0.525	3.788	62.50	17.20
154.914	2.169	0.515	3.754	61.48	17.20
154.987	2.159	0.530	3.926	61.48	17.20
155.060	2.149	0.520	3.813	60.48	17.28
155.131	2.115	0.520	3.778	58.59	17.28
155.204	1.929	0.510	3.533	58.59	17.28
155.277	1.762	0.515	3.813	60.48	17.28
155.348	1.673	0.510	3.818	60.48	17.28
155.421	1.747	0.530	3.823	61.48	17.28
155.497	1.850	0.520	3.828	60.00	17.13
155.570	1.973	0.530	3.842	60.00	17.13
155.641	2.081	0.520	3.852	56.39	17.13
155.714	2.105	0.515	3.523	56.39	17.13
155.787	2.056	0.515	3.592	56.39	17.13
155.858	1.943	0.520	3.729	34.40	17.13
155.931	1.953	0.505	3.774	34.40	17.43
156.004	2.017	0.501	3.769	34.40	17.43
156.076	2.056	0.501	3.774	34.40	17.43
156.148	2.086	0.505	3.774	34.40	17.43
156.221	2.012	0.505	3.774	34.40	17.43
156.293	2.022	0.501	3.774	34.40	17.43
156.365	1.968	0.501	3.774	0.00	17.43
156.441	2.027	0.496	3.774	0.00	17.05
156.513	2.041	0.501	3.774	0.00	17.05
156.585	2.100	0.501	3.774	0.00	17.05
156.658	2.032	0.501	3.774	0.00	17.05
156.730	2.017	0.505	3.774	0.00	17.05
156.803	2.002	0.510	3.774	0.00	17.05
156.874	1.982	0.501	3.778	0.00	16.13
156.947	2.041	0.496	3.774	0.00	16.13
157.019	2.032	0.501	3.778	0.00	16.13
157.091	2.051	0.496	3.774	0.00	16.13
157.163	2.051	0.501	3.778	0.00	16.13
157.236	2.022	0.505	3.778	0.00	16.13
157.308	2.017	0.496	3.778	0.00	16.13
157.396	1.987	0.496	3.774	0.00	16.16
157.471	2.022	0.496	3.774	0.00	16.16
157.550	2.100	0.501	3.778	4.61	16.16
157.622	2.149	0.491	3.778	57.69	16.16
157.694	2.193	0.501	3.778	57.69	16.16
157.767	2.179	0.501	3.774	56.82	16.16
157.839	2.243	0.501	3.778	56.82	16.00
157.912	2.228	0.505	3.778	56.82	16.00
157.984	2.149	0.496	3.778	56.82	16.00
158.056	2.046	0.510	3.778	53.19	16.00
158.129	2.046	0.505	3.592	53.19	16.00
158.201	1.933	0.520	3.842	53.19	16.00
158.273	1.933	0.505	3.783	53.19	16.00
158.346	1.963	0.525	3.710	53.19	16.51
158.422	2.115	0.520	3.778	19.79	16.51
158.493	2.174	0.501	3.774	19.79	16.51
158.566	2.184	0.501	3.778	19.79	16.51
158.639	2.120	0.505	3.778	19.79	16.51
158.711	2.090	0.510	3.778	19.79	16.51
158.783	2.144	0.496	3.778	19.79	15.83
158.856	2.144	0.496	3.783	19.79	15.83
158.927	2.144	0.510	3.778	0.00	15.83
159.000	2.164	0.510	3.778	0.00	15.83
159.073	2.159	0.501	3.778	0.00	15.83
159.144	2.149	0.505	3.778	0.00	15.83
159.217	2.144	0.510	3.778	0.00	15.83
159.289	2.135	0.505	3.783	0.00	15.21
159.365	2.105	0.501	3.778	7.98	15.21
159.437	2.017	0.496	3.778	7.98	15.21
159.509	1.982	0.496	3.778	7.98	15.21
159.582	1.904	0.501	3.778	39.89	15.21
159.654	1.894	0.491	3.778	39.89	15.21
159.726	1.865	0.501	3.778	39.89	15.21
159.799	1.870	0.491	3.778	32.89	15.21
159.872	1.904	0.501	3.778	32.89	14.98
159.943	1.889	0.505	3.778	32.89	14.98
160.016	1.914	0.496	3.783	32.89	14.98
160.089	1.929	0.505	3.778	32.89	14.98
160.160	1.987	0.496	3.778	21.13	14.98
160.233	2.061	0.501	3.778	21.13	14.98
160.306	2.174	0.501	3.783	51.37	15.36
160.375	2.189	0.491	3.778	63.03	15.36
160.471	2.198	0.496	3.783	63.03	15.36
160.549	2.213	0.505	3.778	56.39	15.36
160.628	2.223	0.496	3.783	56.39	15.36
160.707	2.203	0.505	3.862	54.35	15.36
160.779	2.154	0.520	3.906	53.96	15.36
160.851	2.056	0.520	3.793	53.96	15.67
160.924	2.032	0.535	3.818	53.96	15.67
160.996	1.987	0.535	3.793	40.54	15.67
161.069	1.953	0.525	3.592	40.54	15.67
161.141	1.987	0.530	3.847	40.54	15.67
161.213	1.997	0.530	3.617	40.54	15.67
161.286	1.948	0.515	3.891	40.54	15.67
161.361	1.958	0.501	3.778	40.54	15.49
161.433	1.924	0.501	3.774	40.54	15.49
161.506	1.924	0.505	3.774	14.34	15.49
161.579	1.904	0.515	3.778	14.34	15.49
161.650	1.909	0.505	3.774	14.34	15.49
161.723	1.904	0.496	3.774	14.34	15.49
161.796	1.899	0.510	3.778	14.34	15.74
161.867	1.914	0.505	3.778	14.34	15.74
161.940	1.884	0.501	3.778	14.34	15.74
162.012	1.879	0.505	3.783	0.00	15.74
162.084	1.879	0.505	3.778	0.00	15.74
162.156	1.889	0.505	3.774	0.00	15.74
162.229	1.899	0.501	3.778	0.00	15.74
162.305	2.012	0.505	3.778	9.93	15.96
162.376	2.095	0.501	3.783	57.25	15.96
162.449	2.130	0.501	3.778	57.25	15.96
162.522	2.203	0.510	3.783	65.22	15.96
162.593	2.179	0.501	3.778	65.22	15.96
162.666	2.198	0.505	3.778	55.97	15.96
162.739	2.218	0.515	3.783	55.97	15.96
162.810	2.223	0.515	3.798	56.82	16.00
162.883	2.144	0.520	3.803	56.82	16.00
162.955	2.100	0.525	3.813	54.35	16.00
163.027	2.115	0.530	3.867	54.35	16.00
163.100	2.218	0.520	3.666	54.35	16.00
163.172	2.267	0.491	3.778	54.35	16.00
163.248	2.238	0.510	3.778	54.35	16.00
163.320	2.179	0.505	3.778	54.35	15.87
163.392	2.130	0.496	3.778	0.00	15.87
163.480	2.164	0.505	3.774	0.00	15.87
163.600	2.228	0.505	3.778	0.00	15.87
163.673	2.208	0.501	3.778	0.00	15.87
163.744	2.169	0.520	3.778	0.00	15.87
163.817	2.179	0.501	3.778	0.00	15.61
163.889	2.164	0.505	3.778	0.00	15.61
163.961	2.193	0.501	3.783	0.00	15.61
164.033	2.208	0.510	3.778	0.00	15.61
164.106	2.213	0.505	3.783	0.00	15.61
164.177	2.213	0.501	3.774	0.00	15.61
164.253	2.193	0.496	3.783	0.00	15.61
164.325	2.179	0.520	3.778	0.00	15.42
164.398	2.189	0.505	3.778	0.00	15.42
164.469	2.189	0.501	3.778	0.00	15.42
164.542	2.164	0.501	3.783	0.00	15.42
164.614	2.130	0.501	3.783	0.00	15.42
164.686	2.140	0.496	3.783	0.00	15.42
164.758	2.179	0.501	3.783	0.00	15.42
164.831	2.169	0.505	3.783	0.00	15.36
164.902	2.174	0.505	3.778	0.00	15.36
164.974	2.174	0.501	3.778	0.00	15.36
165.047	2.164	0.501	3.778	0.00	15.36
165.118	2.149	0.505	3.778	0.00	15.36
165.191	2.140	0.501	3.778	0.00	15.36
165.266	2.159	0.501	3.778	0.00	15.45
165.339	2.169	0.501	3.778	0.00	15.45
165.410	2.154	0.505	3.783	0.00	15.45
165.483	2.130	0.505	3.783	0.00	15.45
165.555	2.159	0.505	3.778	0.00	15.45
165.627	2.154	0.510	3.778	0.00	15.45
165.699	2.159	0.496	3.783	0.00	15.45
165.772	2.179	0.505	3.783	0.00	15.45
165.843	2.179	0.496	3.783	0.00	14.39
165.916	2.169	0.496	3.783	0.00	14.39
165.988	2.179	0.501	3.778	0.00	14.39
166.061	2.169	0.501	3.783	0.00	14.39
166.132	2.159	0.501	3.783	0.00	14.39
166.208	2.169	0.505	3.778	0.00	14.39
166.281	2.169	0.505	3.778	0.00	14.39
166.353	2.135	0.501	3.778	2.17	14.39
166.425	2.046	0.501	3.783	2.17	13.13
166.498	1.791	0.501	3.778	50.34	13.13
166.571	1.595	0.496	3.783	50.34	13.13
166.643	1.487	0.505	3.778	50.34	13.13
166.716	1.560	0.510	3.783	47.17	13.13
166.789	1.717	0.505	3.778	47.17	13.13
166.861	1.835	0.501	3.783	45.45	13.13
166.933	1.958	0.501	3.783	45.45	13.13
167.006	2.066	0.501	3.778	46.58	13.10
167.078	2.100	0.496	3.778	46.58	13.10
167.151	2.120	0.505	3.891	47.47	13.10
167.227	2.144	0.520	3.852	47.47	13.10
167.300	2.174	0.525	3.661	46.30	13.10
167.371	2.233	0.535	3.705	46.30	13.10
167.444	2.243	0.545	3.911	46.30	13.10
167.517	2.238	0.648	3.602	46.58	13.10
167.589	2.159	0.559	3.945	46.58	13.26
167.669	2.100	0.594	3.725	44.38	13.26
167.742	2.061	0.545	3.877	44.38	13.26
167.815	2.095	0.530	3.828	44.38	13.26
167.886	2.090	0.574	3.901	44.38	13.26
167.959	2.100	0.545	3.931	44.38	13.26
168.032	2.032	0.535	3.685	44.38	13.26
168.104	1.963	0.584	3.950	18.29	13.26
168.180	1.963	0.540	3.646	18.29	13.13
168.253	1.933	0.520	3.607	48.39	13.13
168.326	1.899	0.545	3.872	48.39	13.13
168.398	1.968	0.564	3.886	48.08	13.13
168.470	2.036	0.697	3.862	48.08	13.13
168.543	2.071	0.618	3.877	48.08	13.13
168.615	2.120	0.662	3.656	38.46	13.13
168.688	2.189	0.540	3.725	38.46	13.13
168.761	2.193	0.530	3.818	39.89	13.13
168.834	2.238	0.530	3.749	39.89	12.78
168.905	2.228	0.712	3.641	50.68	12.78
168.978	2.247	0.599	3.980	50.68	12.78
169.051	2.218	0.530	3.867	45.18	12.78
169.126	2.208	0.535	3.661	45.18	12.78
169.199	2.130	0.535	3.754	45.18	12.78
169.278	2.017	0.525	3.656	48.70	12.78
169.350	1.811	0.545	3.882	51.37	12.78
169.422	1.634	0.535	3.891	51.37	12.99
169.495	1.678	0.525	3.734	52.82	12.99
169.568	1.713	0.525	3.857	52.82	12.99
169.640	1.816	0.530	3.612	53.57	12.99
169.713	1.978	0.550	3.587	53.57	12.99
169.785	2.105	0.545	3.886	52.45	12.99
169.858	2.130	0.545	3.911	52.45	12.99
169.930	2.115	0.535	3.641	51.72	12.99
170.003	2.164	0.550	3.828	51.72	13.59
170.079	2.213	0.559	3.877	51.02	13.59
170.151	2.213	0.589	3.901	51.02	13.59
170.223	2.208	0.574	3.818	50.68	13.59
170.296	2.193	0.594	3.901	50.68	13.59
170.369	2.105	0.604	3.582	49.67	13.59
170.441	1.933	0.648	3.852	49.67	13.59
170.514	1.678	0.677	3.931	49.67	13.59
170.587	1.472	0.550	3.651	49.34	12.97
170.658	1.492	0.525	3.553	49.34	12.97
170.731	1.551	0.569	3.901	52.08	12.97
170.804	1.698	0.525	3.656	52.08	12.97
170.876	1.884	0.535	3.877	49.67	12.97
170.949	2.056	0.633	3.597	49.67	12.97
171.025	2.100	0.564	3.940	50.34	12.97
171.097	2.105	0.535	3.877	50.34	12.97
171.169	2.110	0.628	3.626	50.68	13.10
171.242	2.140	0.628	3.872	50.68	13.10
171.315	2.169	0.530	3.808	51.37	13.10
171.387	2.189	0.540	3.857	51.37	13.10
171.459	2.198	0.535	3.832	51.72	13.10
171.532	2.095	0.535	3.867	51.72	13.10
171.604	1.953	0.525	3.891	51.02	13.10
171.677	1.688	0.564	3.852	51.02	13.10
171.750	1.453	0.525	3.602	52.45	13.35
171.822	1.394	0.530	3.617	52.45	13.35
171.894	1.511	0.545	3.867	53.57	13.35
171.970	1.639	0.530	3.857	53.57	13.35
172.043	1.904	0.550	3.788	52.08	13.35
172.115	2.086	0.535	3.793	53.57	13.35
172.188	2.135	0.525	3.994	53.57	13.35
172.261	2.115	0.559	3.882	54.35	13.35
172.333	2.105	0.550	4.024	54.35	13.80
172.405	2.115	0.623	3.823	53.19	13.80
172.478	2.184	0.530	3.945	53.19	13.80
172.551	2.203	0.530	3.886	53.96	13.80
172.623	2.198	0.535	3.651	53.96	13.80
172.696	2.017	0.594	3.710	55.97	13.80
172.768	1.747	0.589	3.891	55.97	13.80
172.840	1.379	0.530	3.597	55.15	14.11
172.916	1.457	0.540	3.641	55.15	14.11
172.989	1.506	0.535	3.617	54.74	14.11
173.062	1.590	0.535	3.882	54.74	14.11
173.133	1.855	0.579	3.690	54.74	14.11
173.206	2.071	0.550	3.710	54.74	14.11
173.279	2.120	0.535	3.896	55.56	14.11
173.351	2.081	0.525	3.641	57.25	14.11
173.432	2.130	0.530	3.828	57.25	14.42
173.504	2.198	0.530	3.940	58.14	14.42
173.577	2.184	0.535	3.882	58.14	14.42
173.649	2.208	0.530	3.847	57.69	14.42
173.722	2.100	0.520	3.617	57.69	14.42
173.794	1.870	0.530	3.778	58.14	14.42
173.867	1.668	0.515	3.882	58.59	14.42
173.937	1.511	0.520	3.558	58.59	15.03
174.010	1.487	0.520	3.538	59.52	15.03
174.082	1.634	0.530	3.577	59.52	15.03
174.154	1.889	0.525	3.680	58.59	15.03
174.227	2.120	0.515	3.685	58.59	15.03
174.300	2.120	0.525	3.617	58.14	15.03
174.371	2.135	0.525	3.798	61.98	15.03
174.444	2.125	0.525	3.636	61.98	15.39
174.517	2.193	0.525	3.828	61.48	15.39
174.589	2.193	0.510	3.832	61.48	15.39
174.662	2.174	0.540	3.901	60.98	15.39
174.734	2.120	0.520	3.774	61.48	15.39
174.807	1.840	0.530	3.911	61.48	15.39
174.882	1.781	0.530	3.852	60.48	15.87
174.955	1.600	0.535	3.896	60.48	15.87
175.028	1.673	0.535	3.832	63.03	15.87
175.100	1.825	0.520	3.896	61.48	15.87
175.172	2.007	0.535	3.774	61.48	15.87
175.245	2.169	0.525	3.788	61.48	15.87
175.318	2.135	0.515	3.852	61.48	15.87
175.390	2.140	0.525	3.818	61.98	16.00
175.462	2.169	0.535	3.857	61.48	16.00
175.535	2.203	0.530	3.818	61.48	16.00
175.607	2.223	0.525	3.906	62.50	16.00
175.680	2.120	0.520	3.764	62.50	16.00
175.752	2.051	0.520	3.558	64.10	16.00
175.827	1.722	0.530	3.607	63.03	16.26
175.900	1.668	0.515	3.828	63.03	16.26
175.973	1.722	0.530	3.808	61.48	16.26
176.046	1.786	0.540	3.872	61.48	16.26
176.117	1.953	0.535	3.901	63.03	16.26
176.190	2.105	0.540	3.852	59.06	16.26
176.263	2.125	0.535	3.823	59.06	16.26
176.335	2.071	0.520	3.847	59.06	16.10
176.407	1.919	0.525	3.837	36.06	16.10
176.481	1.987	0.501	3.769	36.06	16.10
176.553	1.992	0.501	3.769	36.06	16.10
176.626	2.041	0.501	3.774	36.06	16.10
176.698	2.046	0.501	3.769	36.06	16.10
176.774	2.036	0.496	3.774	36.06	16.10
176.846	2.022	0.501	3.769	36.06	15.80
176.919	2.007	0.505	3.774	0.00	15.80
176.992	1.997	0.501	3.769	0.00	15.80
177.063	2.032	0.505	3.769	0.00	15.80
177.136	2.056	0.505	3.769	0.00	15.80
177.208	2.051	0.501	3.774	0.00	15.80
177.281	2.032	0.496	3.774	0.00	15.80
177.353	2.027	0.505	3.774	0.00	15.42
177.425	2.017	0.496	3.774	0.00	15.42
177.498	2.017	0.505	3.774	0.00	15.42
177.570	2.051	0.501	3.774	0.00	15.42
177.642	2.046	0.501	3.774	0.00	15.42
177.718	2.041	0.510	3.778	0.00	15.42
177.790	2.012	0.501	3.774	0.00	15.42
177.863	2.032	0.501	3.774	0.00	14.81
177.935	2.051	0.505	3.774	0.00	14.81
178.008	2.036	0.501	3.778	0.00	14.81
178.079	2.041	0.501	3.778	0.00	14.81
178.152	2.032	0.501	3.778	0.00	14.81
178.225	2.027	0.505	3.774	0.00	14.81
178.297	2.032	0.501	3.774	0.00	14.81
178.369	2.027	0.501	3.774	0.00	14.29
178.442	2.017	0.501	3.778	0.00	14.29
178.513	2.027	0.496	3.778	0.00	14.29
178.586	2.027	0.501	3.774	0.00	14.29
178.659	2.007	0.505	3.778	0.00	14.29
178.735	2.027	0.501	3.774	0.00	14.29
178.806	2.041	0.505	3.774	0.00	14.29
178.879	2.036	0.505	3.778	0.00	14.29
178.951	2.022	0.501	3.778	0.00	13.76
179.023	2.027	0.505	3.778	0.00	13.76
179.096	2.027	0.505	3.778	0.00	13.76
179.168	2.027	0.505	3.778	0.00	13.76
179.240	2.022	0.496	3.778	0.00	13.76
179.329	2.022	0.501	3.778	0.00	13.76
179.401	2.017	0.501	3.778	0.00	13.76
179.473	2.032	0.501	3.778	0.00	13.76
179.546	2.041	0.501	3.778	0.00	13.17
179.618	2.027	0.501	3.778	0.00	13.17
179.693	2.041	0.501	3.778	0.00	13.17
179.766	2.041	0.505	3.778	0.00	13.17
179.838	2.041	0.501	3.778	0.00	13.17
179.910	2.022	0.501	3.778	0.00	13.17
179.983	2.017	0.501	3.778	0.00	13.17
180.056	2.022	0.505	3.778	0.00	13.17
180.127	2.036	0.505	3.778	0.00	13.17
180.200	2.041	0.501	3.778	0.00	13.17
180.272	2.002	0.505	3.778	0.00	10.91
180.344	2.032	0.505	3.778	0.00	10.91
180.417	2.036	0.501	3.778	0.00	10.91
180.489	2.022	0.491	3.778	0.00	10.91
180.561	2.022	0.501	3.778	0.00	10.91
180.634	2.032	0.505	3.778	0.00	10.91
180.709	2.032	0.496	3.778	0.00	10.91
180.782	1.997	0.496	3.778	1.71	10.91
180.854	1.982	0.501	3.778	1.71	10.91
180.927	1.963	0.510	3.778	1.71	10.91
180.999	1.948	0.496	3.778	1.71	10.91
181.071	1.968	0.501	3.778	1.71	10.91
181.144	1.958	0.515	3.778	1.71	10.91
181.216	1.982	0.501	3.778	1.71	8.26
181.288	1.997	0.510	3.778	0.00	8.26
181.360	2.012	0.491	3.778	0.00	8.26
181.439	2.012	0.505	3.778	0.00	8.26
181.512	2.007	0.496	3.778	0.00	8.26
181.583	2.017	0.501	3.778	0.00	8.26
181.659	2.007	0.501	3.778	0.00	8.26
181.731	1.997	0.496	3.778	0.00	8.26
181.804	2.012	0.510	3.778	0.00	8.26
181.876	1.997	0.505	3.778	0.00	8.26
181.948	2.007	0.505	3.778	0.00	8.26
182.021	1.992	0.496	3.778	0.00	8.26
182.092	1.987	0.496	3.778	0.00	8.26
182.165	2.022	0.505	3.778	0.00	8.26
182.237	2.105	0.501	3.778	0.00	7.28
182.309	2.125	0.505	3.778	5.00	7.28
182.382	2.125	0.496	3.778	5.00	7.28
182.454	2.120	0.501	3.778	5.00	7.28
182.526	2.130	0.505	3.778	33.78	7.28
182.599	2.135	0.496	3.778	33.78	7.28
182.675	2.144	0.505	3.778	33.78	7.28
182.747	2.135	0.510	3.783	33.78	7.28
182.819	2.140	0.501	3.778	33.78	7.28
182.892	2.130	0.496	3.778	33.78	7.28
182.964	2.135	0.520	3.783	33.78	7.28
183.036	2.140	0.505	3.778	0.00	7.28
183.109	2.140	0.491	3.778	0.00	7.28
183.181	2.135	0.501	3.783	0.00	7.28
183.254	2.130	0.505	3.778	0.00	7.28
183.325	2.135	0.501	3.783	0.00	7.28
183.398	2.135	0.510	3.783	0.00	7.28
183.470	2.144	0.505	3.783	0.00	7.28
183.542	2.140	0.510	3.778	0.00	7.28
183.615	2.144	0.501	3.778	0.00	5.90
183.690	2.135	0.496	3.778	0.00	5.90
183.762	2.125	0.491	3.783	0.00	5.90
183.834	2.135	0.505	3.783	0.00	5.90
183.907	2.115	0.501	3.778	0.00	5.90
183.980	2.110	0.505	3.778	0.00	5.90
184.051	2.110	0.505	3.778	0.00	5.90
184.124	2.110	0.501	3.778	0.00	5.90
184.196	2.110	0.505	3.778	0.00	5.90
184.268	2.110	0.515	3.783	0.00	5.90
184.340	2.110	0.501	3.783	0.00	5.90
184.413	2.115	0.501	3.778	0.00	5.90
184.485	2.110	0.505	3.778	0.00	5.90
184.557	2.110	0.496	3.783	0.00	5.90
184.630	2.110	0.505	3.778	0.00	5.90
184.706	2.115	0.501	3.778	0.00	5.90
184.777	2.110	0.505	3.778	0.00	5.90
184.850	2.110	0.510	3.778	0.00	5.90
184.922	2.110	0.510	3.783	0.00	5.90
184.994	2.110	0.501	3.783	0.00	5.90
185.066	2.110	0.510	3.778	0.00	5.90
185.154	2.115	0.496	3.778	0.00	5.90
185.227	2.110	0.505	3.778	0.00	5.90
185.298	2.110	0.510	3.783	0.00	5.90
185.371	2.110	0.505	3.778	0.00	5.90
185.444	2.115	0.501	3.783	0.00	5.90
185.516	2.110	0.501	3.778	0.00	5.90
185.588	2.110	0.501	3.778	0.00	0.00
185.660	2.110	0.505	3.778	0.00	0.00
185.730	2.110	0.505	3.778	0.00	0.00
185.802	2.110	0.501	3.783	0.00	0.00
185.874	2.110	0.501	3.778	0.00	0.00
185.947	2.110	0.505	3.778	0.00	0.00
186.018	2.110	0.501	3.783	0.00	0.00
186.091	2.110	0.505	3.783	0.00	0.00
186.163	2.110	0.510	3.778	0.00	0.00
186.235	2.110	0.505	3.778	0.00	0.00
186.307	2.110	0.501	3.778	0.00	0.00
186.380	2.110	0.501	3.778	0.00	0.00
186.451	2.110	0.501	3.783	0.00	0.00
186.524	2.110	0.496	3.778	0.00	0.00
186.596	2.105	0.505	3.778	0.00	0.00
186.672	2.110	0.510	3.783	0.00	0.00
186.744	2.110	0.505	3.778	0.00	0.00
186.816	2.105	0.496	3.778	0.00	0.00
186.888	2.105	0.510	3.783	0.00	0.00
186.960	2.105	0.510	3.778	0.00	0.00
187.032	2.110	0.496	3.778	0.00	0.00
187.105	2.105	0.505	3.783	0.00	0.00
187.176	2.110	0.501	3.778	0.00	0.00
187.249	2.105	0.501	3.778	0.00	0.00
187.321	2.110	0.515	3.778	0.00	0.00
187.394	2.105	0.505	3.778	0.00	0.00
187.465	2.110	0.505	3.778	0.00	0.00
187.538	2.105	0.510	3.778	0.00	0.00
187.610	2.110	0.496	3.783	0.00	0.00
187.685	2.110	0.510	3.778	0.00	0.00
187.757	2.110	0.510	3.778	0.00	0.00
187.830	2.110	0.501	3.778	0.00	0.00
187.901	2.110	0.520	3.778	0.00	0.00
187.974	2.110	0.505	3.783	0.00	0.00
188.046	2.110	0.505	3.783	0.00	0.00
188.119	2.110	0.501	3.783	0.00	0.00
188.190	2.105	0.501	3.783	0.00	0.00
188.263	2.110	0.505	3.778	0.00	0.00
188.335	2.105	0.496	3.778	0.00	0.00
188.407	2.110	0.496	3.783	0.00	0.00
188.479	2.105	0.505	3.778	0.00	0.00
188.552	2.105	0.501	3.778	0.00	0.00
188.623	2.105	0.510	3.778	0.00	0.00
188.699	2.110	0.496	3.778	0.00	0.00
188.772	2.110	0.501	3.778	0.00	0.00
188.844	2.110	0.505	3.778	0.00	0.00
188.916	2.110	0.510	3.778	0.00	0.00
188.988	2.110	0.501	3.783	0.00	0.00
189.061	2.105	0.496	3.778	0.00	0.00
189.132	2.110	0.505	3.778	0.00	0.00
189.204	2.110	0.501	3.778	0.00	0.00
189.277	2.110	0.501	3.783	0.00	0.00
189.348	2.105	0.501	3.783	0.00	0.00
189.421	2.105	0.505	3.783	0.00	0.00
189.493	2.105	0.505	3.783	0.00	0.00
189.565	2.110	0.505	3.783	0.00	0.00
189.637	2.105	0.505	3.778	0.00	0.00
189.713	2.110	0.491	3.734	0.00	0.00
189.785	2.110	0.496	3.455	0.00	0.00
189.857	2.110	0.491	3.185	0.00	0.00
189.929	2.110	0.496	2.925	0.00	0.00
190.002	2.110	0.496	2.655	0.00	0.00
190.073	2.110	0.496	2.400	0.00	0.00
190.146	2.110	0.491	2.140	0.00	0.00
190.218	2.110	0.505	1.904	0.00	0.00
190.290	2.110	0.505	1.693	0.00	0.00
190.362	2.105	0.496	1.497	0.00	0.00
190.435	2.110	0.491	1.330	0.00	0.00
190.507	2.110	0.496	1.188	0.00	0.00
190.579	2.110	0.501	1.060	0.00	0.00
190.651	2.110	0.486	0.957	0.00	0.00
190.727	2.110	0.496	0.869	0.00	0.00
190.798	2.105	0.491	0.800	0.00	0.00
190.871	2.110	0.501	0.741	0.00	0.00
190.943	2.110	0.496	0.687	0.00	0.00
191.031	2.105	0.501	0.633	0.00	0.00
191.102	2.110	0.491	0.589	0.00	0.00
191.175	2.105	0.501	0.559	0.00	0.00
191.247	2.110	0.491	0.530	0.00	0.00
191.320	2.105	0.501	0.510	0.00	0.00
191.391	2.105	0.501	0.486	0.00	0.00
191.464	2.110	0.496	0.466	0.00	0.00
191.536	2.110	0.491	0.447	0.00	0.00
191.608	2.105	0.486	0.437	0.00	0.00
